222,0,-92.0853,171.99
222,1,-158.023,1408.66
222,2,-107.463,520.315
222,3,-111.941,627.609
222,4,-139.706,1558.77
222,5,-129.456,1035.09
222,6,-138.892,1619.61
222,7,-127.272,1088.95
222,8,-132.401,1379.41
222,9,-129.131,1182.42
222,10,-133.997,1387.2
222,11,-133.68,1323.74
222,12,-131.596,1414.02
222,13,-148.244,1554.18
222,14,-135.343,1428.67
222,15,-143.214,1789.2
222,16,-139.726,1558
222,17,-143.885,1869.14
222,18,-104.973,526.779
222,19,-119.24,471.71
222,20,-135.879,1173.42
222,21,-139.172,1117.9
222,22,-119.777,983.866
222,23,-133.507,969.809
222,24,-127.64,979.707
222,25,-132.814,1413.09
222,26,-126.845,1181.41
222,27,-128.594,1441.65
222,28,-135.111,1273.32
222,29,-128.551,1352.31
222,30,-121.71,729.972
222,31,-125.07,1175.64
222,32,-125.856,906.578
222,33,-135.614,984.417
222,34,-128.441,1251.08
222,35,-125.022,1160.61
222,36,-139.685,1034.3
222,37,-126.153,1116.39
222,38,-128.11,1460.54
222,39,-131.695,1120.86
222,40,-114.973,478.879
222,41,-134.903,1513.93
222,42,-138.134,1236.22
222,43,-126.771,1190.69
222,44,-129.22,1452.29
222,45,-139.679,1955.24
222,46,-144.061,1488.61
222,47,-141.097,1067.11
222,48,-126.114,1066.52
222,49,-128.165,1065.94
222,50,-126.854,1065.35
222,51,-125.466,997.23
222,52,-129.623,1124.63
222,53,-127.553,1123.99
222,54,-124.654,658.537
222,55,-113.776,596.092
222,56,-115.041,595.443
222,57,-110.277,410.338
222,58,-109.055,489.555
222,59,-110.915,488.849
222,60,-115.539,537.592
222,61,-113.743,536.887
222,62,-122.44,615.095
222,63,-111.698,614.738
222,64,-113.545,601.132
222,65,-128.849,600.75
222,66,-111.37,585.162
222,67,-113.855,584.773
222,68,-113.785,535.697
222,69,-114.21,535.043
222,70,-107.669,563.113
222,71,-119.647,562.44
222,72,-67.3121,36.2547
222,73,-71.871,36.9311
222,74,-93.8832,182.822
222,75,-107.993,233.512
222,76,-113.142,750.133
222,77,-119.225,749.804
222,78,-120.634,860.572
222,79,-133.048,737.004
222,80,-125.898,736.573
222,81,-118.098,736.142
222,82,-122.938,684.894
222,83,-115.246,684.239
222,84,-127.92,1103.41
222,85,-123.006,1102.71
222,86,-125.159,1102.01
222,87,-123.238,1101.32
222,88,-130.096,1349.98
222,89,-128.084,1349.29
222,90,-118.557,878.154
222,91,-125.041,877.456
222,92,-117.435,849.233
222,93,-118.373,848.526
222,94,-112.088,607.477
222,95,-108.343,606.889
222,96,-112.05,616.437
222,97,-125.536,615.912
222,98,-131.386,1101.93
222,99,-129.162,1101.56
222,100,-127.718,1101.18
222,101,-141.14,1100.81
222,102,-124.743,1164.92
222,103,-125.066,1164.52
222,104,-135.777,1540.35
222,105,-134.585,1539.78
222,106,-134.402,1539.21
222,107,-132.931,1538.65
222,108,-131.98,1538.08
222,109,-139.477,1507.73
222,110,-142.222,1507.15
222,111,-129.745,1447.07
222,112,-139.847,1446.51
222,113,-139.439,1515.02
222,114,-134.115,1514.49
222,115,-133.934,1513.97
222,116,-133.63,1513.44
222,117,-132.095,1346.42
222,118,-129.848,1345.96
222,119,-132.683,1345.5
222,120,-134.969,1345.04
222,121,-130.128,1257.27
222,122,-126.467,1256.81
222,123,-124.187,1122.46
222,124,-132.716,1121.99
222,125,-131.883,1121.53
222,126,-128.619,1121.07
222,127,-148.536,994.156
222,128,-122.805,993.661
222,129,-125.299,993.166
222,130,-121.301,915.733
222,131,-119.815,915.186
222,132,-130.122,914.639
222,133,-123.048,885.052
222,134,-125.269,884.484
222,135,-118.728,877.96
222,136,-129.721,877.338
222,137,-124.821,876.717
222,138,-124.233,876.096
222,139,-123.498,732.73
222,140,-123.277,882.556
222,141,-125.341,881.874
222,142,-123.242,934.325
222,143,-129.522,933.673
222,144,-119.117,903.078
222,145,-120.168,902.446
222,146,-121.626,901.813
222,147,-136.098,1044.73
222,148,-132.074,1044.06
222,149,-123.77,1043.39
222,150,-120.227,1042.72
222,151,-124.583,1104.86
222,152,-123.379,1104.19
222,153,-135.849,1103.51
222,154,-129.731,1160.23
222,155,-125.839,1159.56
222,156,-135.057,1354.44
222,157,-124.472,1353.77
222,158,-135.963,1436.73
222,159,-141.191,1436.06
222,160,-133.091,1417.97
222,161,-126.613,1417.32
222,162,-125.908,1387.28
222,163,-129.794,1386.64
222,164,-129.117,1370.72
222,165,-136.126,1370.09
222,166,-139.883,1369.47
222,167,-132.761,1368.84
222,168,-124.981,1046.2
222,169,-132.245,1045.49
222,170,-140.217,1082.73
222,171,-132.267,1082.04
222,172,-121.647,1215.36
222,173,-122.567,1214.67
222,174,-129.759,1141.61
222,175,-123.877,1140.9
222,176,-134.433,1330.96
222,177,-133.283,1330.27
222,178,-127.859,1470.77
222,179,-133.77,1470.07
222,180,-142.221,1445.29
222,181,-130.055,1444.58
222,182,-140.819,1309.36
222,183,-134.61,1308.66
222,184,-138.72,1206.09
222,185,-137.724,1205.39
222,186,-138.398,1263.32
222,187,-129.275,1262.62
222,188,-140.47,1713.67
222,189,-148.746,1712.98
222,190,-129.662,1807.99
222,191,-134.489,1807.39
222,192,-137.673,1806.78
222,193,-139.524,1693.5
222,194,-130.312,1692.89
222,195,-135.11,1734.45
222,196,-131.692,1733.81
222,197,-138.294,1733.17
222,198,-139.951,1746.85
222,199,-136.014,1746.17
222,200,-142.139,1745.5
222,201,-139.864,1646.89
222,202,-139.802,1646.23
222,203,-130.118,1601.36
222,204,-142.43,1600.7
222,205,-148.455,1600.05
222,206,-134.565,1515.26
222,207,-133.562,1514.62
222,208,-133.774,1513.98
222,209,-129.211,1457.71
222,210,-132.245,1457.06
222,211,-134.41,1456.41
222,212,-130.836,1668.64
222,213,-132.554,1667.94
222,214,-128.509,1450.37
222,215,-128.592,1449.77
222,216,-151.829,1449.17
222,217,-134.262,1597.41
222,218,-132.416,1323.89
222,219,-134.437,1564.46
222,220,-138.035,1563.83
222,221,-102.506,346.453
222,0,-95.1083,171.99
222,1,-127.688,1408.66
222,2,-109.555,520.315
222,3,-127.039,627.609
222,4,-132.642,1558.77
222,5,-124.68,1035.09
222,6,-138.237,1619.61
222,7,-129.908,1088.95
222,8,-137.522,1379.41
222,9,-134.545,1182.42
222,10,-136.292,1387.2
222,11,-124.162,1323.74
222,12,-137.733,1414.02
222,13,-134.396,1554.18
222,14,-143.136,1428.67
222,15,-139.111,1789.2
222,16,-136.477,1558
222,17,-139.399,1869.14
222,18,-111.748,526.779
222,19,-118.163,471.71
222,20,-125.478,1173.42
222,21,-124.564,1117.9
222,22,-132.015,983.866
222,23,-139.77,969.809
222,24,-122.849,979.707
222,25,-130.324,1413.09
222,26,-126.717,1181.41
222,27,-133.553,1441.65
222,28,-133.107,1273.32
222,29,-131.886,1352.31
222,30,-127.744,729.972
222,31,-138.785,1175.64
222,32,-128.965,906.578
222,33,-123.74,984.417
222,34,-124.882,1251.08
222,35,-123.542,1160.61
222,36,-134.245,1034.3
222,37,-126.769,1116.39
222,38,-130.582,1460.54
222,39,-136.452,1120.86
222,40,-112.121,478.879
222,41,-135.933,1513.93
222,42,-136.264,1236.22
222,43,-128.307,1190.69
222,44,-124.51,1452.29
222,45,-137.078,1955.24
222,46,-127.274,1488.61
222,47,-129.018,1067.11
222,48,-127.496,1066.52
222,49,-127.549,1065.94
222,50,-137.726,1065.35
222,51,-124.14,997.23
222,52,-124.831,1124.63
222,53,-128.635,1123.99
222,54,-128.623,658.537
222,55,-113.286,596.092
222,56,-122.957,595.443
222,57,-115.619,410.338
222,58,-109.025,489.555
222,59,-112.518,488.849
222,60,-117.353,537.592
222,61,-113.87,536.887
222,62,-120.319,615.095
222,63,-123.9,614.738
222,64,-110.736,601.132
222,65,-120.541,600.75
222,66,-112.261,585.162
222,67,-116.164,584.773
222,68,-117.164,535.697
222,69,-131.609,535.043
222,70,-127.896,563.113
222,71,-119.555,562.44
222,72,-61.6414,36.2547
222,73,-63.2353,36.9311
222,74,-92.0057,182.822
222,75,-101.162,233.512
222,76,-124.51,750.133
222,77,-117.574,749.804
222,78,-120.2,860.572
222,79,-120.455,737.004
222,80,-122.203,736.573
222,81,-122.766,736.142
222,82,-123.745,684.894
222,83,-112.396,684.239
222,84,-121.367,1103.41
222,85,-134.281,1102.71
222,86,-136.463,1102.01
222,87,-140.762,1101.32
222,88,-136.103,1349.98
222,89,-132.905,1349.29
222,90,-131.676,878.154
222,91,-127.324,877.456
222,92,-119.652,849.233
222,93,-124.486,848.526
222,94,-115.768,607.477
222,95,-116.422,606.889
222,96,-120.507,616.437
222,97,-123.244,615.912
222,98,-124.478,1101.93
222,99,-127.875,1101.56
222,100,-125.397,1101.18
222,101,-140.223,1100.81
222,102,-129.201,1164.92
222,103,-125.704,1164.52
222,104,-134.476,1540.35
222,105,-132.059,1539.78
222,106,-145.059,1539.21
222,107,-139.484,1538.65
222,108,-134.366,1538.08
222,109,-136.007,1507.73
222,110,-132.66,1507.15
222,111,-133.788,1447.07
222,112,-134.639,1446.51
222,113,-143.734,1515.02
222,114,-134.301,1514.49
222,115,-127.497,1513.97
222,116,-136.995,1513.44
222,117,-125.895,1346.42
222,118,-136.238,1345.96
222,119,-131.182,1345.5
222,120,-124.14,1345.04
222,121,-136.992,1257.27
222,122,-128.412,1256.81
222,123,-129.171,1122.46
222,124,-134.273,1121.99
222,125,-126.997,1121.53
222,126,-123.356,1121.07
222,127,-122.843,994.156
222,128,-125.137,993.661
222,129,-123.77,993.166
222,130,-122.502,915.733
222,131,-127.209,915.186
222,132,-119.253,914.639
222,133,-125.444,885.052
222,134,-124.672,884.484
222,135,-125.547,877.96
222,136,-119.356,877.338
222,137,-123.997,876.717
222,138,-126.403,876.096
222,139,-118.296,732.73
222,140,-121.705,882.556
222,141,-122.999,881.874
222,142,-123.284,934.325
222,143,-126.419,933.673
222,144,-126.752,903.078
222,145,-130.484,902.446
222,146,-121.469,901.813
222,147,-121.529,1044.73
222,148,-128.83,1044.06
222,149,-132.913,1043.39
222,150,-126.55,1042.72
222,151,-142.003,1104.86
222,152,-122.621,1104.19
222,153,-128.017,1103.51
222,154,-122.718,1160.23
222,155,-128.899,1159.56
222,156,-142.449,1354.44
222,157,-132.544,1353.77
222,158,-133.668,1436.73
222,159,-132.871,1436.06
222,160,-132.239,1417.97
222,161,-136.428,1417.32
222,162,-126.12,1387.28
222,163,-129.402,1386.64
222,164,-132.518,1370.72
222,165,-137.155,1370.09
222,166,-134.788,1369.47
222,167,-125.796,1368.84
222,168,-129.397,1046.2
222,169,-123.973,1045.49
222,170,-131.755,1082.73
222,171,-127.532,1082.04
222,172,-126.008,1215.36
222,173,-127.8,1214.67
222,174,-127.378,1141.61
222,175,-136.252,1140.9
222,176,-126.06,1330.96
222,177,-140.294,1330.27
222,178,-127.283,1470.77
222,179,-133.551,1470.07
222,180,-141.123,1445.29
222,181,-132.494,1444.58
222,182,-125.121,1309.36
222,183,-128.085,1308.66
222,184,-127.579,1206.09
222,185,-127.928,1205.39
222,186,-126.675,1263.32
222,187,-134.895,1262.62
222,188,-136.921,1713.67
222,189,-131.771,1712.98
222,190,-134.681,1807.99
222,191,-140.721,1807.39
222,192,-135.066,1806.78
222,193,-142.912,1693.5
222,194,-132.997,1692.89
222,195,-134.777,1734.45
222,196,-141.653,1733.81
222,197,-155.255,1733.17
222,198,-144.255,1746.85
222,199,-141.244,1746.17
222,200,-135.382,1745.5
222,201,-145.036,1646.89
222,202,-129.301,1646.23
222,203,-127.802,1601.36
222,204,-138.915,1600.7
222,205,-134.576,1600.05
222,206,-137.164,1515.26
222,207,-131.622,1514.62
222,208,-132.101,1513.98
222,209,-127.145,1457.71
222,210,-130.36,1457.06
222,211,-131.552,1456.41
222,212,-135.869,1668.64
222,213,-131.602,1667.94
222,214,-135.592,1450.37
222,215,-137.293,1449.77
222,216,-133.316,1449.17
222,217,-129.972,1597.41
222,218,-127.616,1323.89
222,219,-142.174,1564.46
222,220,-135.126,1563.83
222,221,-107.855,346.453
222,0,-90.7138,171.99
222,1,-133.253,1408.66
222,2,-128.56,520.315
222,3,-124.869,627.609
222,4,-137.61,1558.77
222,5,-119.816,1035.09
222,6,-133.688,1619.61
222,7,-122.414,1088.95
222,8,-144.563,1379.41
222,9,-128.529,1182.42
222,10,-137.424,1387.2
222,11,-126.543,1323.74
222,12,-150.097,1414.02
222,13,-141.819,1554.18
222,14,-147.977,1428.67
222,15,-161.527,1789.2
222,16,-136.423,1558
222,17,-138.425,1869.14
222,18,-107.449,526.779
222,19,-110.948,471.71
222,20,-135.943,1173.42
222,21,-134.05,1117.9
222,22,-130.051,983.866
222,23,-138.74,969.809
222,24,-133.125,979.707
222,25,-123.553,1413.09
222,26,-129.274,1181.41
222,27,-138.111,1441.65
222,28,-131.34,1273.32
222,29,-126.311,1352.31
222,30,-122.454,729.972
222,31,-125.74,1175.64
222,32,-116.5,906.578
222,33,-126.716,984.417
222,34,-125.827,1251.08
222,35,-139.959,1160.61
222,36,-121.903,1034.3
222,37,-125.801,1116.39
222,38,-127.979,1460.54
222,39,-135.201,1120.86
222,40,-109.926,478.879
222,41,-127.974,1513.93
222,42,-124.532,1236.22
222,43,-129.692,1190.69
222,44,-137.686,1452.29
222,45,-141.748,1955.24
222,46,-134.957,1488.61
222,47,-125.282,1067.11
222,48,-131.287,1066.52
222,49,-122.098,1065.94
222,50,-127.578,1065.35
222,51,-128.281,997.23
222,52,-125.054,1124.63
222,53,-130.453,1123.99
222,54,-115.716,658.537
222,55,-111.682,596.092
222,56,-112.658,595.443
222,57,-103.284,410.338
222,58,-112.503,489.555
222,59,-108.643,488.849
222,60,-116.211,537.592
222,61,-112.791,536.887
222,62,-116.463,615.095
222,63,-110.889,614.738
222,64,-112.511,601.132
222,65,-115.343,600.75
222,66,-117.288,585.162
222,67,-113.494,584.773
222,68,-113.303,535.697
222,69,-111.441,535.043
222,70,-109.772,563.113
222,71,-113.48,562.44
222,72,-60.7476,36.2547
222,73,-64.0171,36.9311
222,74,-87.0926,182.822
222,75,-109.912,233.512
222,76,-122.012,750.133
222,77,-129.861,749.804
222,78,-122.488,860.572
222,79,-127.631,737.004
222,80,-120.711,736.573
222,81,-120.769,736.142
222,82,-119.029,684.894
222,83,-119.136,684.239
222,84,-123.012,1103.41
222,85,-126.76,1102.71
222,86,-142.067,1102.01
222,87,-134.294,1101.32
222,88,-138.981,1349.98
222,89,-135.745,1349.29
222,90,-132.266,878.154
222,91,-128.344,877.456
222,92,-126.937,849.233
222,93,-117.844,848.526
222,94,-113.374,607.477
222,95,-133.91,606.889
222,96,-114.022,616.437
222,97,-129.782,615.912
222,98,-128.947,1101.93
222,99,-128.231,1101.56
222,100,-123.299,1101.18
222,101,-134.539,1100.81
222,102,-124.697,1164.92
222,103,-127.566,1164.52
222,104,-135.033,1540.35
222,105,-139.689,1539.78
222,106,-141.853,1539.21
222,107,-136.448,1538.65
222,108,-142.575,1538.08
222,109,-138.971,1507.73
222,110,-139.723,1507.15
222,111,-136.163,1447.07
222,112,-129.901,1446.51
222,113,-145.143,1515.02
222,114,-135.902,1514.49
222,115,-137.35,1513.97
222,116,-135.363,1513.44
222,117,-128.603,1346.42
222,118,-132.276,1345.96
222,119,-128.47,1345.5
222,120,-132.645,1345.04
222,121,-126.917,1257.27
222,122,-133.274,1256.81
222,123,-144.835,1122.46
222,124,-125.103,1121.99
222,125,-121.895,1121.53
222,126,-129.54,1121.07
222,127,-127.353,994.156
222,128,-126.2,993.661
222,129,-127.915,993.166
222,130,-133.891,915.733
222,131,-124.005,915.186
222,132,-126.61,914.639
222,133,-118.772,885.052
222,134,-132.228,884.484
222,135,-123.811,877.96
222,136,-119.464,877.338
222,137,-127.067,876.717
222,138,-121.623,876.096
222,139,-122.77,732.73
222,140,-131.969,882.556
222,141,-122.377,881.874
222,142,-131.106,934.325
222,143,-124.1,933.673
222,144,-125.596,903.078
222,145,-125.225,902.446
222,146,-117.316,901.813
222,147,-146.008,1044.73
222,148,-128.075,1044.06
222,149,-122.897,1043.39
222,150,-126.105,1042.72
222,151,-127.929,1104.86
222,152,-125.902,1104.19
222,153,-134.013,1103.51
222,154,-128.161,1160.23
222,155,-128.45,1159.56
222,156,-129.868,1354.44
222,157,-134.919,1353.77
222,158,-130.575,1436.73
222,159,-126.504,1436.06
222,160,-135.814,1417.97
222,161,-127.333,1417.32
222,162,-126.911,1387.28
222,163,-128.861,1386.64
222,164,-129.62,1370.72
222,165,-123.897,1370.09
222,166,-141.917,1369.47
222,167,-128.114,1368.84
222,168,-131.905,1046.2
222,169,-128.177,1045.49
222,170,-126.274,1082.73
222,171,-127.956,1082.04
222,172,-128.128,1215.36
222,173,-135.795,1214.67
222,174,-140.497,1141.61
222,175,-123.323,1140.9
222,176,-131.682,1330.96
222,177,-126.655,1330.27
222,178,-143.006,1470.77
222,179,-135.465,1470.07
222,180,-146.789,1445.29
222,181,-134.868,1444.58
222,182,-128.325,1309.36
222,183,-132.405,1308.66
222,184,-124.758,1206.09
222,185,-156.226,1205.39
222,186,-128.887,1263.32
222,187,-137.376,1262.62
222,188,-137.532,1713.67
222,189,-142.217,1712.98
222,190,-139.063,1807.99
222,191,-134.84,1807.39
222,192,-135.476,1806.78
222,193,-136.746,1693.5
222,194,-142.164,1692.89
222,195,-151.147,1734.45
222,196,-131.987,1733.81
222,197,-138.803,1733.17
222,198,-142.527,1746.85
222,199,-135.23,1746.17
222,200,-138.448,1745.5
222,201,-139.9,1646.89
222,202,-132.718,1646.23
222,203,-142.686,1601.36
222,204,-132.889,1600.7
222,205,-129.508,1600.05
222,206,-132.187,1515.26
222,207,-133.203,1514.62
222,208,-128.857,1513.98
222,209,-131.013,1457.71
222,210,-137.555,1457.06
222,211,-129.297,1456.41
222,212,-137.644,1668.64
222,213,-151.342,1667.94
222,214,-130.596,1450.37
222,215,-144.976,1449.77
222,216,-132.754,1449.17
222,217,-130.761,1597.41
222,218,-129.861,1323.89
222,219,-133.667,1564.46
222,220,-132.278,1563.83
222,221,-105.131,346.453
222,0,-90.8435,171.99
222,1,-132.173,1408.66
222,2,-113.372,520.315
222,3,-113.216,627.609
222,4,-141.591,1558.77
222,5,-122.782,1035.09
222,6,-132.444,1619.61
222,7,-130.063,1088.95
222,8,-128.968,1379.41
222,9,-124.699,1182.42
222,10,-131.226,1387.2
222,11,-140.945,1323.74
222,12,-145.144,1414.02
222,13,-140.587,1554.18
222,14,-128.738,1428.67
222,15,-134.29,1789.2
222,16,-136.816,1558
222,17,-131.171,1869.14
222,18,-111.124,526.779
222,19,-114.42,471.71
222,20,-140.839,1173.42
222,21,-124.095,1117.9
222,22,-130.174,983.866
222,23,-121.845,969.809
222,24,-132.03,979.707
222,25,-130.939,1413.09
222,26,-126.403,1181.41
222,27,-132.173,1441.65
222,28,-130.174,1273.32
222,29,-131.748,1352.31
222,30,-124.838,729.972
222,31,-127.837,1175.64
222,32,-124.573,906.578
222,33,-122.67,984.417
222,34,-148.354,1251.08
222,35,-132.209,1160.61
222,36,-143.131,1034.3
222,37,-132.37,1116.39
222,38,-134.712,1460.54
222,39,-123.013,1120.86
222,40,-105.661,478.879
222,41,-123.594,1513.93
222,42,-140.712,1236.22
222,43,-143.605,1190.69
222,44,-128.275,1452.29
222,45,-133.968,1955.24
222,46,-141.612,1488.61
222,47,-134.333,1067.11
222,48,-125.809,1066.52
222,49,-128.528,1065.94
222,50,-124.488,1065.35
222,51,-128.086,997.23
222,52,-130.01,1124.63
222,53,-129.653,1123.99
222,54,-116.146,658.537
222,55,-118.893,596.092
222,56,-116.691,595.443
222,57,-108.65,410.338
222,58,-114.218,489.555
222,59,-111.222,488.849
222,60,-109.553,537.592
222,61,-112.418,536.887
222,62,-134.054,615.095
222,63,-113.586,614.738
222,64,-109.845,601.132
222,65,-113.455,600.75
222,66,-119.338,585.162
222,67,-120.397,584.773
222,68,-119.538,535.697
222,69,-112.346,535.043
222,70,-112.646,563.113
222,71,-118.258,562.44
222,72,-62.1358,36.2547
222,73,-61.6197,36.9311
222,74,-97.2597,182.822
222,75,-99.5427,233.512
222,76,-123.515,750.133
222,77,-114.591,749.804
222,78,-139.656,860.572
222,79,-116.453,737.004
222,80,-114.639,736.573
222,81,-120.974,736.142
222,82,-117.424,684.894
222,83,-122.312,684.239
222,84,-124.845,1103.41
222,85,-136.42,1102.71
222,86,-125.523,1102.01
222,87,-131.22,1101.32
222,88,-128.36,1349.98
222,89,-128.845,1349.29
222,90,-123.732,878.154
222,91,-119.228,877.456
222,92,-127.685,849.233
222,93,-120.853,848.526
222,94,-116.099,607.477
222,95,-148.524,606.889
222,96,-114.16,616.437
222,97,-124.36,615.912
222,98,-145.238,1101.93
222,99,-130.169,1101.56
222,100,-141.893,1101.18
222,101,-126.054,1100.81
222,102,-127.282,1164.92
222,103,-131.402,1164.52
222,104,-142.134,1540.35
222,105,-133.804,1539.78
222,106,-133.582,1539.21
222,107,-141.124,1538.65
222,108,-134.245,1538.08
222,109,-126.847,1507.73
222,110,-143.014,1507.15
222,111,-140.005,1447.07
222,112,-138.166,1446.51
222,113,-132.119,1515.02
222,114,-131.83,1514.49
222,115,-128.788,1513.97
222,116,-131.719,1513.44
222,117,-132.124,1346.42
222,118,-133.133,1345.96
222,119,-132.753,1345.5
222,120,-130.36,1345.04
222,121,-132.474,1257.27
222,122,-128.161,1256.81
222,123,-133.083,1122.46
222,124,-123.683,1121.99
222,125,-125.574,1121.53
222,126,-124.24,1121.07
222,127,-131.676,994.156
222,128,-133.618,993.661
222,129,-126.203,993.166
222,130,-122.313,915.733
222,131,-124.985,915.186
222,132,-125.17,914.639
222,133,-123.533,885.052
222,134,-115.338,884.484
222,135,-127.444,877.96
222,136,-137.849,877.338
222,137,-121.548,876.717
222,138,-122.249,876.096
222,139,-118.185,732.73
222,140,-116.192,882.556
222,141,-127.636,881.874
222,142,-128.281,934.325
222,143,-127.803,933.673
222,144,-133.24,903.078
222,145,-122.536,902.446
222,146,-126.276,901.813
222,147,-134.133,1044.73
222,148,-122.732,1044.06
222,149,-136.138,1043.39
222,150,-146.45,1042.72
222,151,-123.568,1104.86
222,152,-128.704,1104.19
222,153,-129.766,1103.51
222,154,-126.916,1160.23
222,155,-128.443,1159.56
222,156,-133.716,1354.44
222,157,-135.548,1353.77
222,158,-132.852,1436.73
222,159,-131.692,1436.06
222,160,-125.448,1417.97
222,161,-130.963,1417.32
222,162,-132.761,1387.28
222,163,-126.388,1386.64
222,164,-137.985,1370.72
222,165,-130.548,1370.09
222,166,-127.776,1369.47
222,167,-129.939,1368.84
222,168,-142.555,1046.2
222,169,-131.814,1045.49
222,170,-132.766,1082.73
222,171,-127.235,1082.04
222,172,-136.377,1215.36
222,173,-130.552,1214.67
222,174,-138.262,1141.61
222,175,-125.905,1140.9
222,176,-129.14,1330.96
222,177,-125.239,1330.27
222,178,-130.896,1470.77
222,179,-157.358,1470.07
222,180,-129.855,1445.29
222,181,-131.183,1444.58
222,182,-135.67,1309.36
222,183,-140.718,1308.66
222,184,-134.889,1206.09
222,185,-126.557,1205.39
222,186,-129.943,1263.32
222,187,-126.466,1262.62
222,188,-141.621,1713.67
222,189,-148.913,1712.98
222,190,-139.905,1807.99
222,191,-135.752,1807.39
222,192,-143.613,1806.78
222,193,-137.939,1693.5
222,194,-138.012,1692.89
222,195,-135.115,1734.45
222,196,-148.072,1733.81
222,197,-146.419,1733.17
222,198,-133.269,1746.85
222,199,-137.263,1746.17
222,200,-138.245,1745.5
222,201,-132.656,1646.89
222,202,-130.964,1646.23
222,203,-133.466,1601.36
222,204,-135.948,1600.7
222,205,-129.766,1600.05
222,206,-133.472,1515.26
222,207,-129.607,1514.62
222,208,-149.346,1513.98
222,209,-158.937,1457.71
222,210,-127.044,1457.06
222,211,-137.697,1456.41
222,212,-132.165,1668.64
222,213,-139.191,1667.94
222,214,-134.475,1450.37
222,215,-136.732,1449.77
222,216,-131.248,1449.17
222,217,-135.232,1597.41
222,218,-141.544,1323.89
222,219,-141.071,1564.46
222,220,-150.47,1563.83
222,221,-100.565,346.453
222,0,-87.2773,171.99
222,1,-126.155,1408.66
222,2,-119.319,520.315
222,3,-117.358,627.609
222,4,-130.177,1558.77
222,5,-126.844,1035.09
222,6,-136.712,1619.61
222,7,-126.265,1088.95
222,8,-135.679,1379.41
222,9,-124.387,1182.42
222,10,-129.442,1387.2
222,11,-127.052,1323.74
222,12,-134.015,1414.02
222,13,-130.426,1554.18
222,14,-134.945,1428.67
222,15,-137.831,1789.2
222,16,-134.883,1558
222,17,-140.279,1869.14
222,18,-120.785,526.779
222,19,-114.834,471.71
222,20,-126.822,1173.42
222,21,-133.643,1117.9
222,22,-130.033,983.866
222,23,-125.786,969.809
222,24,-120.329,979.707
222,25,-129.717,1413.09
222,26,-137.01,1181.41
222,27,-131.703,1441.65
222,28,-134.388,1273.32
222,29,-134.728,1352.31
222,30,-124.326,729.972
222,31,-139.873,1175.64
222,32,-121.313,906.578
222,33,-131.578,984.417
222,34,-134.563,1251.08
222,35,-137.681,1160.61
222,36,-133.438,1034.3
222,37,-128.775,1116.39
222,38,-128.708,1460.54
222,39,-131.251,1120.86
222,40,-111.253,478.879
222,41,-129.67,1513.93
222,42,-132.631,1236.22
222,43,-141.17,1190.69
222,44,-130.276,1452.29
222,45,-153.569,1955.24
222,46,-130.762,1488.61
222,47,-128.36,1067.11
222,48,-127.719,1066.52
222,49,-133.675,1065.94
222,50,-126.907,1065.35
222,51,-135.376,997.23
222,52,-128.501,1124.63
222,53,-118.458,1123.99
222,54,-118.075,658.537
222,55,-118.365,596.092
222,56,-122.889,595.443
222,57,-118.775,410.338
222,58,-110.857,489.555
222,59,-114.93,488.849
222,60,-126.518,537.592
222,61,-120.771,536.887
222,62,-112.377,615.095
222,63,-117.148,614.738
222,64,-119.327,601.132
222,65,-110.118,600.75
222,66,-110.115,585.162
222,67,-114.686,584.773
222,68,-112.72,535.697
222,69,-114.172,535.043
222,70,-113.121,563.113
222,71,-119.619,562.44
222,72,-64.7657,36.2547
222,73,-67.823,36.9311
222,74,-93.6274,182.822
222,75,-97.6008,233.512
222,76,-136.055,750.133
222,77,-112.555,749.804
222,78,-124.635,860.572
222,79,-120.491,737.004
222,80,-122.835,736.573
222,81,-119.715,736.142
222,82,-114.196,684.894
222,83,-120.114,684.239
222,84,-124.432,1103.41
222,85,-126.955,1102.71
222,86,-124.678,1102.01
222,87,-127.21,1101.32
222,88,-125.951,1349.98
222,89,-131.836,1349.29
222,90,-125.801,878.154
222,91,-122.423,877.456
222,92,-120.857,849.233
222,93,-126.71,848.526
222,94,-117.581,607.477
222,95,-124.215,606.889
222,96,-112.957,616.437
222,97,-111.355,615.912
222,98,-137.876,1101.93
222,99,-129.202,1101.56
222,100,-126.798,1101.18
222,101,-155.324,1100.81
222,102,-126.048,1164.92
222,103,-122.225,1164.52
222,104,-138.323,1540.35
222,105,-131.093,1539.78
222,106,-134.093,1539.21
222,107,-135.264,1538.65
222,108,-137.827,1538.08
222,109,-132.904,1507.73
222,110,-134.266,1507.15
222,111,-129.57,1447.07
222,112,-125.855,1446.51
222,113,-139.869,1515.02
222,114,-134.631,1514.49
222,115,-140.222,1513.97
222,116,-128.779,1513.44
222,117,-128.825,1346.42
222,118,-132.342,1345.96
222,119,-124.47,1345.5
222,120,-147.415,1345.04
222,121,-129.047,1257.27
222,122,-124.842,1256.81
222,123,-123.045,1122.46
222,124,-127.812,1121.99
222,125,-124.836,1121.53
222,126,-137.78,1121.07
222,127,-123.508,994.156
222,128,-132.292,993.661
222,129,-128.732,993.166
222,130,-125.007,915.733
222,131,-128.063,915.186
222,132,-122.058,914.639
222,133,-121.155,885.052
222,134,-124.726,884.484
222,135,-118.789,877.96
222,136,-124.141,877.338
222,137,-122.731,876.717
222,138,-116.967,876.096
222,139,-124.35,732.73
222,140,-122.905,882.556
222,141,-125.964,881.874
222,142,-125.831,934.325
222,143,-119.516,933.673
222,144,-126.94,903.078
222,145,-135.883,902.446
222,146,-120.449,901.813
222,147,-120.764,1044.73
222,148,-128.654,1044.06
222,149,-124.044,1043.39
222,150,-123.966,1042.72
222,151,-123.066,1104.86
222,152,-140.891,1104.19
222,153,-135.381,1103.51
222,154,-138.021,1160.23
222,155,-131.014,1159.56
222,156,-131.748,1354.44
222,157,-128.963,1353.77
222,158,-135.528,1436.73
222,159,-132.835,1436.06
222,160,-132.231,1417.97
222,161,-139.46,1417.32
222,162,-137.953,1387.28
222,163,-143.284,1386.64
222,164,-130.54,1370.72
222,165,-126.54,1370.09
222,166,-122.865,1369.47
222,167,-130.267,1368.84
222,168,-128.831,1046.2
222,169,-131.613,1045.49
222,170,-133.887,1082.73
222,171,-125.176,1082.04
222,172,-123.706,1215.36
222,173,-133.881,1214.67
222,174,-124.139,1141.61
222,175,-128.006,1140.9
222,176,-134.503,1330.96
222,177,-131.046,1330.27
222,178,-138.729,1470.77
222,179,-134.447,1470.07
222,180,-133.596,1445.29
222,181,-131.198,1444.58
222,182,-125.915,1309.36
222,183,-129.888,1308.66
222,184,-129.407,1206.09
222,185,-125.776,1205.39
222,186,-131.675,1263.32
222,187,-129.528,1262.62
222,188,-130.997,1713.67
222,189,-132.065,1712.98
222,190,-133.213,1807.99
222,191,-138.996,1807.39
222,192,-135.034,1806.78
222,193,-136.036,1693.5
222,194,-131.549,1692.89
222,195,-129.297,1734.45
222,196,-134.142,1733.81
222,197,-138.659,1733.17
222,198,-141.414,1746.85
222,199,-136.932,1746.17
222,200,-144.652,1745.5
222,201,-129.687,1646.89
222,202,-135.056,1646.23
222,203,-140.274,1601.36
222,204,-143.493,1600.7
222,205,-130.609,1600.05
222,206,-137.369,1515.26
222,207,-134.254,1514.62
222,208,-130.587,1513.98
222,209,-139.81,1457.71
222,210,-146.13,1457.06
222,211,-135.336,1456.41
222,212,-135.335,1668.64
222,213,-127.628,1667.94
222,214,-137.885,1450.37
222,215,-131.592,1449.77
222,216,-132.558,1449.17
222,217,-142.024,1597.41
222,218,-133.027,1323.89
222,219,-137.329,1564.46
222,220,-141.981,1563.83
222,221,-106.738,346.453
222,0,-92.7922,171.99
222,1,-134.753,1408.66
222,2,-111.813,520.315
222,3,-120.245,627.609
222,4,-137.911,1558.77
222,5,-129.649,1035.09
222,6,-142.889,1619.61
222,7,-124.372,1088.95
222,8,-140.75,1379.41
222,9,-133.724,1182.42
222,10,-131.225,1387.2
222,11,-127.12,1323.74
222,12,-145.788,1414.02
222,13,-132.093,1554.18
222,14,-132.978,1428.67
222,15,-140.555,1789.2
222,16,-138.941,1558
222,17,-142.939,1869.14
222,18,-110.103,526.779
222,19,-114.409,471.71
222,20,-131.575,1173.42
222,21,-129.841,1117.9
222,22,-124.096,983.866
222,23,-136.786,969.809
222,24,-125.761,979.707
222,25,-137.444,1413.09
222,26,-135.673,1181.41
222,27,-129.741,1441.65
222,28,-135.897,1273.32
222,29,-128.474,1352.31
222,30,-117.508,729.972
222,31,-124.464,1175.64
222,32,-132.081,906.578
222,33,-120.73,984.417
222,34,-130.771,1251.08
222,35,-133.457,1160.61
222,36,-124.709,1034.3
222,37,-124.763,1116.39
222,38,-135.563,1460.54
222,39,-125.672,1120.86
222,40,-113.06,478.879
222,41,-128.715,1513.93
222,42,-137.641,1236.22
222,43,-138.479,1190.69
222,44,-127.399,1452.29
222,45,-139.628,1955.24
222,46,-135.269,1488.61
222,47,-130.157,1067.11
222,48,-127.389,1066.52
222,49,-126.926,1065.94
222,50,-134.456,1065.35
222,51,-128.167,997.23
222,52,-128.155,1124.63
222,53,-125.247,1123.99
222,54,-118.484,658.537
222,55,-112.125,596.092
222,56,-118.222,595.443
222,57,-120.455,410.338
222,58,-111.496,489.555
222,59,-108.3,488.849
222,60,-116.061,537.592
222,61,-124.552,536.887
222,62,-114.853,615.095
222,63,-108.563,614.738
222,64,-120.177,601.132
222,65,-117.383,600.75
222,66,-119.695,585.162
222,67,-124.496,584.773
222,68,-115.305,535.697
222,69,-125.701,535.043
222,70,-120.556,563.113
222,71,-110.115,562.44
222,72,-57.3676,36.2547
222,73,-62.1466,36.9311
222,74,-98.0403,182.822
222,75,-106.78,233.512
222,76,-118.591,750.133
222,77,-139.739,749.804
222,78,-121.411,860.572
222,79,-123.394,737.004
222,80,-129.98,736.573
222,81,-117.678,736.142
222,82,-130.266,684.894
222,83,-123.154,684.239
222,84,-129.312,1103.41
222,85,-126.19,1102.71
222,86,-140.493,1102.01
222,87,-129.625,1101.32
222,88,-135.293,1349.98
222,89,-129.106,1349.29
222,90,-119.46,878.154
222,91,-118.012,877.456
222,92,-117.604,849.233
222,93,-120.875,848.526
222,94,-118.932,607.477
222,95,-117.262,606.889
222,96,-117.732,616.437
222,97,-115.169,615.912
222,98,-122.943,1101.93
222,99,-124.538,1101.56
222,100,-130.677,1101.18
222,101,-130.471,1100.81
222,102,-129.618,1164.92
222,103,-138.692,1164.52
222,104,-131.774,1540.35
222,105,-137.367,1539.78
222,106,-134.51,1539.21
222,107,-131.459,1538.65
222,108,-149.488,1538.08
222,109,-131.218,1507.73
222,110,-132.425,1507.15
222,111,-137.739,1447.07
222,112,-135.041,1446.51
222,113,-136.595,1515.02
222,114,-135.93,1514.49
222,115,-136.753,1513.97
222,116,-132.752,1513.44
222,117,-133.624,1346.42
222,118,-132.762,1345.96
222,119,-126.215,1345.5
222,120,-152.683,1345.04
222,121,-132.04,1257.27
222,122,-127.604,1256.81
222,123,-129.091,1122.46
222,124,-126.872,1121.99
222,125,-128.99,1121.53
222,126,-122.368,1121.07
222,127,-122.054,994.156
222,128,-128.18,993.661
222,129,-124.902,993.166
222,130,-118.155,915.733
222,131,-128.063,915.186
222,132,-129.652,914.639
222,133,-116.561,885.052
222,134,-132.273,884.484
222,135,-118.037,877.96
222,136,-115.397,877.338
222,137,-140.046,876.717
222,138,-125.059,876.096
222,139,-115.766,732.73
222,140,-125.546,882.556
222,141,-128.225,881.874
222,142,-122.399,934.325
222,143,-123.822,933.673
222,144,-130.998,903.078
222,145,-120.742,902.446
222,146,-119.814,901.813
222,147,-126.582,1044.73
222,148,-129.108,1044.06
222,149,-125.428,1043.39
222,150,-127.288,1042.72
222,151,-135.216,1104.86
222,152,-128.207,1104.19
222,153,-122.343,1103.51
222,154,-130.416,1160.23
222,155,-140.767,1159.56
222,156,-130.551,1354.44
222,157,-133.608,1353.77
222,158,-131.889,1436.73
222,159,-134.676,1436.06
222,160,-134.136,1417.97
222,161,-132.156,1417.32
222,162,-134.302,1387.28
222,163,-139.574,1386.64
222,164,-131.295,1370.72
222,165,-133.005,1370.09
222,166,-139.195,1369.47
222,167,-134.194,1368.84
222,168,-125.732,1046.2
222,169,-135.17,1045.49
222,170,-127.51,1082.73
222,171,-130.044,1082.04
222,172,-128.101,1215.36
222,173,-132.99,1214.67
222,174,-133.869,1141.61
222,175,-127.125,1140.9
222,176,-140.791,1330.96
222,177,-145.042,1330.27
222,178,-141.772,1470.77
222,179,-128.562,1470.07
222,180,-128.697,1445.29
222,181,-127.374,1444.58
222,182,-126.258,1309.36
222,183,-132.575,1308.66
222,184,-136.702,1206.09
222,185,-127.74,1205.39
222,186,-139.609,1263.32
222,187,-131.502,1262.62
222,188,-136.347,1713.67
222,189,-142.872,1712.98
222,190,-130.654,1807.99
222,191,-136.117,1807.39
222,192,-145.305,1806.78
222,193,-139.59,1693.5
222,194,-136.977,1692.89
222,195,-133.487,1734.45
222,196,-140.734,1733.81
222,197,-133.079,1733.17
222,198,-132.847,1746.85
222,199,-134.459,1746.17
222,200,-136.724,1745.5
222,201,-131.834,1646.89
222,202,-136.632,1646.23
222,203,-143.749,1601.36
222,204,-133.404,1600.7
222,205,-139.152,1600.05
222,206,-134.397,1515.26
222,207,-135.688,1514.62
222,208,-131.173,1513.98
222,209,-126.536,1457.71
222,210,-132.131,1457.06
222,211,-132.403,1456.41
222,212,-135.262,1668.64
222,213,-142.711,1667.94
222,214,-134.752,1450.37
222,215,-138.093,1449.77
222,216,-134.342,1449.17
222,217,-148.137,1597.41
222,218,-134.692,1323.89
222,219,-128.978,1564.46
222,220,-136.095,1563.83
222,221,-104.3,346.453
222,0,-89.633,171.99
222,1,-126.204,1408.66
222,2,-121.468,520.315
222,3,-116.159,627.609
222,4,-129.356,1558.77
222,5,-121.575,1035.09
222,6,-130.879,1619.61
222,7,-132.095,1088.95
222,8,-140.472,1379.41
222,9,-126.302,1182.42
222,10,-136.338,1387.2
222,11,-153.476,1323.74
222,12,-132.517,1414.02
222,13,-131.055,1554.18
222,14,-149.312,1428.67
222,15,-141.488,1789.2
222,16,-131.107,1558
222,17,-137.16,1869.14
222,18,-116.848,526.779
222,19,-112.162,471.71
222,20,-130.93,1173.42
222,21,-142.355,1117.9
222,22,-121.356,983.866
222,23,-124.776,969.809
222,24,-123.726,979.707
222,25,-133.438,1413.09
222,26,-129.223,1181.41
222,27,-127.961,1441.65
222,28,-126.4,1273.32
222,29,-133.447,1352.31
222,30,-119.469,729.972
222,31,-126.861,1175.64
222,32,-127.436,906.578
222,33,-129.565,984.417
222,34,-134.137,1251.08
222,35,-125.422,1160.61
222,36,-123.955,1034.3
222,37,-130.229,1116.39
222,38,-141.451,1460.54
222,39,-136.305,1120.86
222,40,-112.577,478.879
222,41,-142.633,1513.93
222,42,-125.524,1236.22
222,43,-125.059,1190.69
222,44,-135.896,1452.29
222,45,-133.785,1955.24
222,46,-138.987,1488.61
222,47,-137.218,1067.11
222,48,-129.463,1066.52
222,49,-123.832,1065.94
222,50,-123.371,1065.35
222,51,-135.725,997.23
222,52,-127.673,1124.63
222,53,-132.69,1123.99
222,54,-116.143,658.537
222,55,-116.725,596.092
222,56,-110.913,595.443
222,57,-101.42,410.338
222,58,-108.575,489.555
222,59,-114.354,488.849
222,60,-116.599,537.592
222,61,-119.863,536.887
222,62,-109.902,615.095
222,63,-126.717,614.738
222,64,-128.349,601.132
222,65,-121.255,600.75
222,66,-115.486,585.162
222,67,-109.416,584.773
222,68,-111.235,535.697
222,69,-118.935,535.043
222,70,-120.443,563.113
222,71,-120.415,562.44
222,72,-69.5903,36.2547
222,73,-60.8751,36.9311
222,74,-101.793,182.822
222,75,-96.6202,233.512
222,76,-118.597,750.133
222,77,-119.679,749.804
222,78,-131.699,860.572
222,79,-119.264,737.004
222,80,-119.963,736.573
222,81,-120.021,736.142
222,82,-114.149,684.894
222,83,-136.252,684.239
222,84,-125.507,1103.41
222,85,-128.677,1102.71
222,86,-132.297,1102.01
222,87,-124.424,1101.32
222,88,-134.193,1349.98
222,89,-124.095,1349.29
222,90,-125.71,878.154
222,91,-123.283,877.456
222,92,-125.986,849.233
222,93,-119.11,848.526
222,94,-113.523,607.477
222,95,-114.819,606.889
222,96,-115.159,616.437
222,97,-121.37,615.912
222,98,-131.49,1101.93
222,99,-127.386,1101.56
222,100,-132.422,1101.18
222,101,-132.576,1100.81
222,102,-129.417,1164.92
222,103,-122.134,1164.52
222,104,-132.6,1540.35
222,105,-132.752,1539.78
222,106,-137.53,1539.21
222,107,-137.892,1538.65
222,108,-140.711,1538.08
222,109,-132.328,1507.73
222,110,-126.173,1507.15
222,111,-135.952,1447.07
222,112,-129.175,1446.51
222,113,-133.97,1515.02
222,114,-131.825,1514.49
222,115,-147.375,1513.97
222,116,-134.5,1513.44
222,117,-131.744,1346.42
222,118,-123.785,1345.96
222,119,-134.281,1345.5
222,120,-124.726,1345.04
222,121,-131.594,1257.27
222,122,-135.155,1256.81
222,123,-135.2,1122.46
222,124,-131.446,1121.99
222,125,-129.05,1121.53
222,126,-130.175,1121.07
222,127,-123.334,994.156
222,128,-126.626,993.661
222,129,-141.301,993.166
222,130,-138.142,915.733
222,131,-127.727,915.186
222,132,-133.333,914.639
222,133,-125.521,885.052
222,134,-118.91,884.484
222,135,-117.9,877.96
222,136,-132.982,877.338
222,137,-121.158,876.717
222,138,-119.875,876.096
222,139,-112.897,732.73
222,140,-123.648,882.556
222,141,-132.346,881.874
222,142,-126.803,934.325
222,143,-123.99,933.673
222,144,-132.047,903.078
222,145,-120.522,902.446
222,146,-113.169,901.813
222,147,-141.496,1044.73
222,148,-123.465,1044.06
222,149,-122.608,1043.39
222,150,-137.414,1042.72
222,151,-124.156,1104.86
222,152,-118.753,1104.19
222,153,-134.161,1103.51
222,154,-129.625,1160.23
222,155,-127.438,1159.56
222,156,-132.5,1354.44
222,157,-129.585,1353.77
222,158,-135.57,1436.73
222,159,-134.309,1436.06
222,160,-132.022,1417.97
222,161,-124.15,1417.32
222,162,-135.209,1387.28
222,163,-132.708,1386.64
222,164,-130.043,1370.72
222,165,-129.742,1370.09
222,166,-128.403,1369.47
222,167,-145.113,1368.84
222,168,-119.285,1046.2
222,169,-127.178,1045.49
222,170,-137.768,1082.73
222,171,-122.921,1082.04
222,172,-135.599,1215.36
222,173,-136.251,1214.67
222,174,-131.362,1141.61
222,175,-136.677,1140.9
222,176,-136.37,1330.96
222,177,-126.339,1330.27
222,178,-133.437,1470.77
222,179,-128.006,1470.07
222,180,-133.714,1445.29
222,181,-137.518,1444.58
222,182,-130.727,1309.36
222,183,-130.144,1308.66
222,184,-126.892,1206.09
222,185,-132.849,1205.39
222,186,-128.566,1263.32
222,187,-126.161,1262.62
222,188,-137.286,1713.67
222,189,-133.783,1712.98
222,190,-129.684,1807.99
222,191,-129.411,1807.39
222,192,-134.629,1806.78
222,193,-147.86,1693.5
222,194,-134.948,1692.89
222,195,-131.734,1734.45
222,196,-141.814,1733.81
222,197,-136.891,1733.17
222,198,-137.995,1746.85
222,199,-140.097,1746.17
222,200,-132.845,1745.5
222,201,-134.578,1646.89
222,202,-136.482,1646.23
222,203,-135.992,1601.36
222,204,-135.519,1600.7
222,205,-142.218,1600.05
222,206,-141.575,1515.26
222,207,-133.327,1514.62
222,208,-134.047,1513.98
222,209,-133.563,1457.71
222,210,-132.11,1457.06
222,211,-132.452,1456.41
222,212,-140.021,1668.64
222,213,-139.889,1667.94
222,214,-126.545,1450.37
222,215,-139.449,1449.77
222,216,-156.166,1449.17
222,217,-133.567,1597.41
222,218,-127.028,1323.89
222,219,-130.114,1564.46
222,220,-143.012,1563.83
222,221,-108.407,346.453
222,0,-100.106,171.99
222,1,-132.332,1408.66
222,2,-109.716,520.315
222,3,-117.449,627.609
222,4,-136.584,1558.77
222,5,-129.987,1035.09
222,6,-133.31,1619.61
222,7,-130.921,1088.95
222,8,-143.214,1379.41
222,9,-137.55,1182.42
222,10,-132.154,1387.2
222,11,-125.064,1323.74
222,12,-128.573,1414.02
222,13,-132.158,1554.18
222,14,-136.869,1428.67
222,15,-135.011,1789.2
222,16,-135.412,1558
222,17,-134.768,1869.14
222,18,-109.934,526.779
222,19,-110.409,471.71
222,20,-127.177,1173.42
222,21,-122.687,1117.9
222,22,-118.464,983.866
222,23,-124.52,969.809
222,24,-125.516,979.707
222,25,-142.179,1413.09
222,26,-133.332,1181.41
222,27,-130.579,1441.65
222,28,-131.875,1273.32
222,29,-135.587,1352.31
222,30,-117.463,729.972
222,31,-131.582,1175.64
222,32,-126.163,906.578
222,33,-138.198,984.417
222,34,-130.036,1251.08
222,35,-147.246,1160.61
222,36,-124.153,1034.3
222,37,-131.312,1116.39
222,38,-132.764,1460.54
222,39,-133.274,1120.86
222,40,-119.398,478.879
222,41,-131.395,1513.93
222,42,-128.202,1236.22
222,43,-142.764,1190.69
222,44,-129.59,1452.29
222,45,-137.793,1955.24
222,46,-129.221,1488.61
222,47,-123.494,1067.11
222,48,-135.47,1066.52
222,49,-133.313,1065.94
222,50,-126.625,1065.35
222,51,-127.511,997.23
222,52,-134.137,1124.63
222,53,-139.465,1123.99
222,54,-118.155,658.537
222,55,-112.938,596.092
222,56,-112.734,595.443
222,57,-109.298,410.338
222,58,-109.27,489.555
222,59,-126.006,488.849
222,60,-116.229,537.592
222,61,-114.565,536.887
222,62,-115.692,615.095
222,63,-107.73,614.738
222,64,-114.353,601.132
222,65,-115.941,600.75
222,66,-118.156,585.162
222,67,-114.072,584.773
222,68,-109.125,535.697
222,69,-113.944,535.043
222,70,-129.695,563.113
222,71,-116.067,562.44
222,72,-56.0248,36.2547
222,73,-67.6884,36.9311
222,74,-95.2739,182.822
222,75,-103.16,233.512
222,76,-117.732,750.133
222,77,-117.841,749.804
222,78,-118.978,860.572
222,79,-120.055,737.004
222,80,-121.596,736.573
222,81,-132.688,736.142
222,82,-116.03,684.894
222,83,-126.674,684.239
222,84,-123.169,1103.41
222,85,-132.398,1102.71
222,86,-122.685,1102.01
222,87,-138.811,1101.32
222,88,-126.239,1349.98
222,89,-131.278,1349.29
222,90,-120.569,878.154
222,91,-139.084,877.456
222,92,-118.294,849.233
222,93,-128.297,848.526
222,94,-114.882,607.477
222,95,-119.239,606.889
222,96,-121.216,616.437
222,97,-120.125,615.912
222,98,-129.941,1101.93
222,99,-131.079,1101.56
222,100,-135.907,1101.18
222,101,-122.719,1100.81
222,102,-123.647,1164.92
222,103,-133.314,1164.52
222,104,-129.543,1540.35
222,105,-139.41,1539.78
222,106,-126.722,1539.21
222,107,-139.453,1538.65
222,108,-147.842,1538.08
222,109,-133.991,1507.73
222,110,-138.182,1507.15
222,111,-131.274,1447.07
222,112,-131.631,1446.51
222,113,-140.858,1515.02
222,114,-135.66,1514.49
222,115,-149.333,1513.97
222,116,-130.575,1513.44
222,117,-131.872,1346.42
222,118,-130.068,1345.96
222,119,-129.246,1345.5
222,120,-142.072,1345.04
222,121,-127.212,1257.27
222,122,-125.07,1256.81
222,123,-137.031,1122.46
222,124,-130.712,1121.99
222,125,-127.463,1121.53
222,126,-125.349,1121.07
222,127,-123.49,994.156
222,128,-126.91,993.661
222,129,-123.164,993.166
222,130,-116.238,915.733
222,131,-120.983,915.186
222,132,-133.965,914.639
222,133,-127.029,885.052
222,134,-129.156,884.484
222,135,-128.284,877.96
222,136,-128.476,877.338
222,137,-122.709,876.717
222,138,-123.671,876.096
222,139,-117.241,732.73
222,140,-124.776,882.556
222,141,-117.708,881.874
222,142,-120.934,934.325
222,143,-116.174,933.673
222,144,-119.501,903.078
222,145,-115.911,902.446
222,146,-124.501,901.813
222,147,-134.701,1044.73
222,148,-131.365,1044.06
222,149,-127.824,1043.39
222,150,-139.905,1042.72
222,151,-129.673,1104.86
222,152,-125.942,1104.19
222,153,-132.716,1103.51
222,154,-135.671,1160.23
222,155,-134.399,1159.56
222,156,-138.516,1354.44
222,157,-122.243,1353.77
222,158,-143.955,1436.73
222,159,-126.048,1436.06
222,160,-149.527,1417.97
222,161,-128.145,1417.32
222,162,-138.178,1387.28
222,163,-136.917,1386.64
222,164,-127.263,1370.72
222,165,-130.09,1370.09
222,166,-135.641,1369.47
222,167,-139.587,1368.84
222,168,-123.715,1046.2
222,169,-125.744,1045.49
222,170,-144.592,1082.73
222,171,-127.078,1082.04
222,172,-127.966,1215.36
222,173,-132.84,1214.67
222,174,-138.835,1141.61
222,175,-128.647,1140.9
222,176,-130.099,1330.96
222,177,-143.201,1330.27
222,178,-131.733,1470.77
222,179,-135.789,1470.07
222,180,-127.01,1445.29
222,181,-142.042,1444.58
222,182,-136.203,1309.36
222,183,-138.93,1308.66
222,184,-124.362,1206.09
222,185,-130.769,1205.39
222,186,-143.819,1263.32
222,187,-124.544,1262.62
222,188,-136.999,1713.67
222,189,-132.651,1712.98
222,190,-150.628,1807.99
222,191,-132.494,1807.39
222,192,-135.386,1806.78
222,193,-145.028,1693.5
222,194,-130.388,1692.89
222,195,-142.365,1734.45
222,196,-132.427,1733.81
222,197,-130.596,1733.17
222,198,-135.284,1746.85
222,199,-137.188,1746.17
222,200,-141.859,1745.5
222,201,-140.709,1646.89
222,202,-136.46,1646.23
222,203,-141.945,1601.36
222,204,-133.816,1600.7
222,205,-138.951,1600.05
222,206,-140.272,1515.26
222,207,-139.95,1514.62
222,208,-132.144,1513.98
222,209,-134.155,1457.71
222,210,-137.149,1457.06
222,211,-134.762,1456.41
222,212,-137.033,1668.64
222,213,-137.132,1667.94
222,214,-134.091,1450.37
222,215,-136.178,1449.77
222,216,-133.543,1449.17
222,217,-134.884,1597.41
222,218,-129.412,1323.89
222,219,-137.698,1564.46
222,220,-138.453,1563.83
222,221,-101.025,346.453
222,0,-87.6213,171.99
222,1,-133.379,1408.66
222,2,-117.077,520.315
222,3,-114.015,627.609
222,4,-135.902,1558.77
222,5,-147.386,1035.09
222,6,-128.409,1619.61
222,7,-133.793,1088.95
222,8,-129.39,1379.41
222,9,-131.451,1182.42
222,10,-130.015,1387.2
222,11,-127.901,1323.74
222,12,-138.27,1414.02
222,13,-128.508,1554.18
222,14,-132.439,1428.67
222,15,-131.925,1789.2
222,16,-144.828,1558
222,17,-138.858,1869.14
222,18,-116.326,526.779
222,19,-117.93,471.71
222,20,-125.832,1173.42
222,21,-135.586,1117.9
222,22,-125.268,983.866
222,23,-122.04,969.809
222,24,-122.799,979.707
222,25,-128.77,1413.09
222,26,-125.515,1181.41
222,27,-130.231,1441.65
222,28,-125.124,1273.32
222,29,-127.648,1352.31
222,30,-119.288,729.972
222,31,-129.232,1175.64
222,32,-124.138,906.578
222,33,-124.971,984.417
222,34,-135.886,1251.08
222,35,-122.867,1160.61
222,36,-123.34,1034.3
222,37,-138.508,1116.39
222,38,-130.939,1460.54
222,39,-129.607,1120.86
222,40,-109.499,478.879
222,41,-134.991,1513.93
222,42,-126.098,1236.22
222,43,-125.59,1190.69
222,44,-129.278,1452.29
222,45,-157.066,1955.24
222,46,-146.923,1488.61
222,47,-130.775,1067.11
222,48,-124.664,1066.52
222,49,-126.262,1065.94
222,50,-136.266,1065.35
222,51,-136.35,997.23
222,52,-127.559,1124.63
222,53,-126.739,1123.99
222,54,-108.47,658.537
222,55,-112.173,596.092
222,56,-112.724,595.443
222,57,-111.684,410.338
222,58,-126.008,489.555
222,59,-109.097,488.849
222,60,-119.074,537.592
222,61,-111.597,536.887
222,62,-113.271,615.095
222,63,-117.235,614.738
222,64,-124.403,601.132
222,65,-121.174,600.75
222,66,-113.264,585.162
222,67,-122.711,584.773
222,68,-134.444,535.697
222,69,-111.411,535.043
222,70,-107.08,563.113
222,71,-116.188,562.44
222,72,-58.523,36.2547
222,73,-74.7846,36.9311
222,74,-92.1388,182.822
222,75,-91.6522,233.512
222,76,-121.227,750.133
222,77,-119.716,749.804
222,78,-129.627,860.572
222,79,-124.457,737.004
222,80,-121.671,736.573
222,81,-132.575,736.142
222,82,-114.054,684.894
222,83,-124.28,684.239
222,84,-127.635,1103.41
222,85,-125.571,1102.71
222,86,-131.282,1102.01
222,87,-128.597,1101.32
222,88,-132.772,1349.98
222,89,-135.808,1349.29
222,90,-120.819,878.154
222,91,-119.683,877.456
222,92,-127.787,849.233
222,93,-133.636,848.526
222,94,-117.934,607.477
222,95,-117.783,606.889
222,96,-128.042,616.437
222,97,-119.339,615.912
222,98,-126.416,1101.93
222,99,-128.391,1101.56
222,100,-122.409,1101.18
222,101,-140.505,1100.81
222,102,-131.799,1164.92
222,103,-126.404,1164.52
222,104,-133.598,1540.35
222,105,-143.922,1539.78
222,106,-128.905,1539.21
222,107,-131.662,1538.65
222,108,-130.584,1538.08
222,109,-128.407,1507.73
222,110,-133.562,1507.15
222,111,-129.941,1447.07
222,112,-127.507,1446.51
222,113,-136.257,1515.02
222,114,-147.385,1514.49
222,115,-130.12,1513.97
222,116,-136.687,1513.44
222,117,-124.898,1346.42
222,118,-127.57,1345.96
222,119,-133.289,1345.5
222,120,-128.681,1345.04
222,121,-137.106,1257.27
222,122,-140.419,1256.81
222,123,-133.796,1122.46
222,124,-124.583,1121.99
222,125,-127.621,1121.53
222,126,-125.002,1121.07
222,127,-121.986,994.156
222,128,-124.895,993.661
222,129,-127.33,993.166
222,130,-118.606,915.733
222,131,-124.642,915.186
222,132,-119.385,914.639
222,133,-119.57,885.052
222,134,-127.927,884.484
222,135,-121.496,877.96
222,136,-129.525,877.338
222,137,-120.152,876.717
222,138,-127.367,876.096
222,139,-123.013,732.73
222,140,-126.837,882.556
222,141,-121.217,881.874
222,142,-133.107,934.325
222,143,-123.568,933.673
222,144,-136.86,903.078
222,145,-127.831,902.446
222,146,-120.693,901.813
222,147,-127.252,1044.73
222,148,-128.94,1044.06
222,149,-129.879,1043.39
222,150,-133.809,1042.72
222,151,-127.928,1104.86
222,152,-126.203,1104.19
222,153,-122.205,1103.51
222,154,-124.3,1160.23
222,155,-126.347,1159.56
222,156,-139.924,1354.44
222,157,-133.932,1353.77
222,158,-132.228,1436.73
222,159,-131.2,1436.06
222,160,-137.943,1417.97
222,161,-138.866,1417.32
222,162,-132.859,1387.28
222,163,-134.196,1386.64
222,164,-131.587,1370.72
222,165,-133.304,1370.09
222,166,-126.854,1369.47
222,167,-131.509,1368.84
222,168,-129.48,1046.2
222,169,-131.539,1045.49
222,170,-127.912,1082.73
222,171,-123.764,1082.04
222,172,-132.897,1215.36
222,173,-137.572,1214.67
222,174,-124.379,1141.61
222,175,-129.082,1140.9
222,176,-132.12,1330.96
222,177,-132.694,1330.27
222,178,-135.141,1470.77
222,179,-135.809,1470.07
222,180,-138.656,1445.29
222,181,-130.946,1444.58
222,182,-127.077,1309.36
222,183,-129.733,1308.66
222,184,-126.425,1206.09
222,185,-131.02,1205.39
222,186,-133.667,1263.32
222,187,-127.05,1262.62
222,188,-135.174,1713.67
222,189,-136.734,1712.98
222,190,-135.181,1807.99
222,191,-142.341,1807.39
222,192,-134.691,1806.78
222,193,-132.626,1693.5
222,194,-138.529,1692.89
222,195,-130.244,1734.45
222,196,-133.29,1733.81
222,197,-142.533,1733.17
222,198,-139.595,1746.85
222,199,-137.767,1746.17
222,200,-153.724,1745.5
222,201,-139.354,1646.89
222,202,-128.434,1646.23
222,203,-132.781,1601.36
222,204,-138.271,1600.7
222,205,-137.782,1600.05
222,206,-134.986,1515.26
222,207,-138.354,1514.62
222,208,-138.197,1513.98
222,209,-138.002,1457.71
222,210,-128.551,1457.06
222,211,-136.423,1456.41
222,212,-132.19,1668.64
222,213,-158.53,1667.94
222,214,-131.474,1450.37
222,215,-128.074,1449.77
222,216,-129.47,1449.17
222,217,-129.543,1597.41
222,218,-127.396,1323.89
222,219,-138.547,1564.46
222,220,-129.299,1563.83
222,221,-105.836,346.453
222,0,-86.2239,171.99
222,1,-129.599,1408.66
222,2,-110.181,520.315
222,3,-119.27,627.609
222,4,-136.44,1558.77
222,5,-124.861,1035.09
222,6,-134.814,1619.61
222,7,-135.407,1088.95
222,8,-125.421,1379.41
222,9,-144.673,1182.42
222,10,-133.729,1387.2
222,11,-123.398,1323.74
222,12,-154.552,1414.02
222,13,-132.607,1554.18
222,14,-138.588,1428.67
222,15,-141.576,1789.2
222,16,-133.641,1558
222,17,-139.165,1869.14
222,18,-110.211,526.779
222,19,-119.886,471.71
222,20,-123.849,1173.42
222,21,-128.298,1117.9
222,22,-132.266,983.866
222,23,-123.038,969.809
222,24,-122.686,979.707
222,25,-129.094,1413.09
222,26,-136.386,1181.41
222,27,-129.989,1441.65
222,28,-134.129,1273.32
222,29,-148.639,1352.31
222,30,-115.856,729.972
222,31,-132.191,1175.64
222,32,-121.563,906.578
222,33,-124.715,984.417
222,34,-132.149,1251.08
222,35,-129.335,1160.61
222,36,-122.178,1034.3
222,37,-126.088,1116.39
222,38,-143.287,1460.54
222,39,-130.632,1120.86
222,40,-118.809,478.879
222,41,-135.512,1513.93
222,42,-121.162,1236.22
222,43,-128.101,1190.69
222,44,-136.291,1452.29
222,45,-143.788,1955.24
222,46,-139.696,1488.61
222,47,-122.55,1067.11
222,48,-135.827,1066.52
222,49,-127.583,1065.94
222,50,-125.108,1065.35
222,51,-129.922,997.23
222,52,-123.159,1124.63
222,53,-125.102,1123.99
222,54,-110.925,658.537
222,55,-114.654,596.092
222,56,-122.33,595.443
222,57,-114.49,410.338
222,58,-111.384,489.555
222,59,-112.01,488.849
222,60,-115.431,537.592
222,61,-112.436,536.887
222,62,-120.639,615.095
222,63,-118.864,614.738
222,64,-114.338,601.132
222,65,-124.965,600.75
222,66,-116.968,585.162
222,67,-116.386,584.773
222,68,-110.477,535.697
222,69,-112.906,535.043
222,70,-113.225,563.113
222,71,-114.289,562.44
222,72,-56.2237,36.2547
222,73,-59.0632,36.9311
222,74,-91.3304,182.822
222,75,-94.2494,233.512
222,76,-116.069,750.133
222,77,-123.612,749.804
222,78,-129.722,860.572
222,79,-122.52,737.004
222,80,-118.698,736.573
222,81,-121.115,736.142
222,82,-116.693,684.894
222,83,-117.492,684.239
222,84,-125.909,1103.41
222,85,-126.977,1102.71
222,86,-122.4,1102.01
222,87,-136.859,1101.32
222,88,-132.661,1349.98
222,89,-131.018,1349.29
222,90,-119.509,878.154
222,91,-118.096,877.456
222,92,-133.291,849.233
222,93,-133.573,848.526
222,94,-119.72,607.477
222,95,-115.717,606.889
222,96,-130.932,616.437
222,97,-115.395,615.912
222,98,-133.461,1101.93
222,99,-123.247,1101.56
222,100,-129.34,1101.18
222,101,-135.038,1100.81
222,102,-131.752,1164.92
222,103,-125.525,1164.52
222,104,-135.427,1540.35
222,105,-131.908,1539.78
222,106,-133.173,1539.21
222,107,-131.037,1538.65
222,108,-134.082,1538.08
222,109,-140.874,1507.73
222,110,-133.509,1507.15
222,111,-136.327,1447.07
222,112,-127.313,1446.51
222,113,-131.093,1515.02
222,114,-135.696,1514.49
222,115,-128.709,1513.97
222,116,-140.559,1513.44
222,117,-132.898,1346.42
222,118,-135.741,1345.96
222,119,-132.656,1345.5
222,120,-134.941,1345.04
222,121,-129.146,1257.27
222,122,-123.134,1256.81
222,123,-130.582,1122.46
222,124,-125.195,1121.99
222,125,-127.839,1121.53
222,126,-130.711,1121.07
222,127,-154.717,994.156
222,128,-128.197,993.661
222,129,-128.739,993.166
222,130,-123.435,915.733
222,131,-138.219,915.186
222,132,-136.54,914.639
222,133,-133.526,885.052
222,134,-118.596,884.484
222,135,-132.966,877.96
222,136,-129.098,877.338
222,137,-121.706,876.717
222,138,-132.925,876.096
222,139,-120.41,732.73
222,140,-122.992,882.556
222,141,-122.248,881.874
222,142,-132.02,934.325
222,143,-125.161,933.673
222,144,-122.447,903.078
222,145,-127.539,902.446
222,146,-128.312,901.813
222,147,-131.761,1044.73
222,148,-126.359,1044.06
222,149,-128.53,1043.39
222,150,-124.999,1042.72
222,151,-129.101,1104.86
222,152,-129.6,1104.19
222,153,-126.295,1103.51
222,154,-130.827,1160.23
222,155,-127.294,1159.56
222,156,-132.428,1354.44
222,157,-127.021,1353.77
222,158,-134.231,1436.73
222,159,-141.499,1436.06
222,160,-133.37,1417.97
222,161,-138.175,1417.32
222,162,-145.906,1387.28
222,163,-128.234,1386.64
222,164,-132.299,1370.72
222,165,-130.802,1370.09
222,166,-130.021,1369.47
222,167,-126.327,1368.84
222,168,-121.987,1046.2
222,169,-120.957,1045.49
222,170,-124.46,1082.73
222,171,-124.088,1082.04
222,172,-145.772,1215.36
222,173,-130.835,1214.67
222,174,-123.349,1141.61
222,175,-120.732,1140.9
222,176,-135.271,1330.96
222,177,-123.862,1330.27
222,178,-130.971,1470.77
222,179,-130.896,1470.07
222,180,-133.99,1445.29
222,181,-135.884,1444.58
222,182,-128.428,1309.36
222,183,-134.251,1308.66
222,184,-128.718,1206.09
222,185,-127.636,1205.39
222,186,-131.667,1263.32
222,187,-129.307,1262.62
222,188,-142.782,1713.67
222,189,-138.347,1712.98
222,190,-144.042,1807.99
222,191,-133.987,1807.39
222,192,-143.96,1806.78
222,193,-132.072,1693.5
222,194,-138.529,1692.89
222,195,-138.766,1734.45
222,196,-130.36,1733.81
222,197,-135.148,1733.17
222,198,-132.966,1746.85
222,199,-137.031,1746.17
222,200,-133.951,1745.5
222,201,-129.545,1646.89
222,202,-133.646,1646.23
222,203,-132.191,1601.36
222,204,-132.998,1600.7
222,205,-132.896,1600.05
222,206,-147.986,1515.26
222,207,-131.549,1514.62
222,208,-149.921,1513.98
222,209,-127.666,1457.71
222,210,-133.771,1457.06
222,211,-130.994,1456.41
222,212,-137.105,1668.64
222,213,-141.983,1667.94
222,214,-135.343,1450.37
222,215,-136.464,1449.77
222,216,-134.826,1449.17
222,217,-133.886,1597.41
222,218,-124.526,1323.89
222,219,-139.31,1564.46
222,220,-128.257,1563.83
222,221,-108.656,346.453
