Latitude	Latitude	Value
-22.814590	-47.057735	-95.5
-22.814543	-47.058243	-103.0
-22.814409	-47.058727	-103.0
-22.814207	-47.059113	-99.0
-22.814178	-47.059174	-98.0
-22.814177	-47.059174	-100.5
-22.814112	-47.059258	-109.0
-22.814032	-47.059376	-97.0
-22.813692	-47.060658	-95.0
-22.813370	-47.062614	-93.5
-22.813251	-47.063316	-103.0
-22.813196	-47.064236	-98.5
-22.814032	-47.064476	-96.0
-22.814198	-47.064350	-112.0
-22.815622	-47.063637	-117.0
-22.819050	-47.064487	-105.0
-22.819963	-47.065346	-110.0
-22.820189	-47.065697	-108.0
-22.820457	-47.066055	-114.0
-22.820593	-47.066250	-115.0
-22.821177	-47.067242	-111.0
-22.821270	-47.067417	-115.0
-22.821287	-47.067451	-112.0
-22.821363	-47.067699	-115.0
-22.821304	-47.067883	-112.0
-22.820816	-47.068146	-107.0
-22.820759	-47.068176	-108.0
-22.820568	-47.068264	-104.0
-22.820124	-47.068241	-94.0
-22.819832	-47.067715	-97.5
-22.819464	-47.067230	-102.0
-22.819258	-47.067078	-106.0
-22.819073	-47.066872	-116.0
-22.817003	-47.066227	-104.0
-22.816704	-47.066231	-110.0
-22.816383	-47.066296	-110.0
-22.816036	-47.066383	-108.0
-22.815729	-47.066063	-109.0
-22.815351	-47.065052	-109.5
-22.815149	-47.064537	-110.0
-22.815069	-47.064346	-107.0
-22.815029	-47.064232	-111.0
-22.814308	-47.064465	-115.0
-22.814108	-47.064610	-110.0
-22.813597	-47.065071	-114.0
-22.813480	-47.065208	-112.0
-22.812664	-47.067032	-112.0
-22.813931	-47.068813	-113.0
-22.813835	-47.069714	-110.0
-22.814236	-47.071526	-113.0
-22.814907	-47.072235	-111.0
-22.816551	-47.072678	-111.0
-22.816618	-47.072647	-111.33
-22.817122	-47.072605	-110.0
-22.818029	-47.072449	-111.0
-22.818632	-47.072197	-109.0
-22.818792	-47.072388	-108.0
-22.818872	-47.072388	-104.0
-22.819092	-47.072289	-109.0
-22.819096	-47.072285	-109.0
-22.819107	-47.072281	-110.0
-22.819210	-47.072239	-109.67
-22.820576	-47.071121	-111.0
-22.821476	-47.070255	-107.0
-22.821505	-47.070232	-109.0
-22.821758	-47.070026	-112.0
-22.822128	-47.069489	-112.0
-22.822432	-47.069324	-110.0
-22.822617	-47.069164	-106.0
-22.822807	-47.068951	-110.0
-22.823496	-47.068462	-109.0
-22.824211	-47.067783	-107.5
-22.825228	-47.066811	-110.0
-22.825344	-47.066647	-115.0
-22.825342	-47.066639	-111.0
-22.825312	-47.066513	-110.0
-22.825027	-47.065842	-108.5
-22.824896	-47.065536	-108.0
-22.824856	-47.065228	-110.0
-22.825636	-47.066154	-105.0
-22.825651	-47.066193	-107.0
-22.826715	-47.067581	-108.5
-22.829515	-47.063946	-109.0
-22.829569	-47.062500	-108.33
-22.829439	-47.061752	-111.0
-22.829641	-47.061432	-111.0
-22.829613	-47.060295	-107.5
-22.827408	-47.061199	-111.5
-22.826887	-47.061436	-112.0
-22.829382	-47.060162	-112.0
-22.829395	-47.060173	-107.41
-22.829636	-47.061550	-99.0
-22.829668	-47.061829	-98.5
-22.830023	-47.061970	-99.0
-22.830519	-47.062126	-98.0
-22.830524	-47.062126	-98.5
-22.830544	-47.062138	-96.0
-22.831692	-47.062187	-99.0
-22.831968	-47.062290	-95.0
-22.831768	-47.062801	-99.0
-22.831448	-47.063427	-101.0
-22.830259	-47.064709	-100.0
-22.827091	-47.067642	-106.0
-22.825785	-47.067135	-104.0
-22.825249	-47.066360	-104.0
-22.824924	-47.065647	-102.0
-22.824942	-47.065662	-101.5
-22.819971	-47.060204	-102.0
-22.819555	-47.060062	-102.0
-22.819210	-47.059937	-102.0
-22.818556	-47.059692	-105.0
-22.818092	-47.059784	-104.0
-22.818108	-47.060520	-95.5
-22.818123	-47.060772	-101.0
-22.818130	-47.061604	-94.0
-22.818163	-47.062702	-88.0
-22.816942	-47.062561	-100.0
-22.816471	-47.062527	-93.0
-22.815727	-47.062595	-83.0
-22.814943	-47.062759	-83.6
-22.814535	-47.062946	-77.67
-22.814110	-47.063145	-81.0
-22.813375	-47.063572	-77.0
-22.813473	-47.065193	-77.5
-22.813068	-47.063740	-82.5
-22.813339	-47.062233	-86.0
-22.813450	-47.061607	-85.0
-22.813503	-47.061218	-78.0
-22.813572	-47.060776	-78.0
-22.813688	-47.060024	-76.0
-22.813864	-47.059505	-77.0
-22.813978	-47.059277	-77.0
-22.814476	-47.058239	-76.0
-22.814478	-47.057232	-76.5
-22.814619	-47.057610	-79.0
-22.814636	-47.057655	-79.33
-22.814636	-47.057632	-80.29
-22.814632	-47.057552	-77.8
-22.814632	-47.057476	-61.0
-22.814631	-47.057411	-59.0
-22.814631	-47.057350	-50.0
-22.814632	-47.057228	-51.0
-22.814671	-47.057072	-50.5
-22.814772	-47.056988	-51.0
-22.814816	-47.056969	-52.0
-22.814837	-47.056995	-52.0
-22.814856	-47.057014	-52.0
