222,0,-67.3581,177.386
222,1,-97.6443,1409.33
222,2,-86.6351,522.123
222,3,-84.7404,629.109
222,4,-96.3774,1559.37
222,5,-88.6292,1036
222,6,-97.4209,1620.19
222,7,-99.9769,1089.82
222,8,-100.04,1380.1
222,9,-96.2699,1183.21
222,10,-102.724,1387.88
222,11,-96.6212,1324.46
222,12,-99.0879,1414.68
222,13,-95.5951,1554.78
222,14,-96.1651,1429.33
222,15,-104.584,1789.73
222,16,-98.2758,1558.6
222,17,-105.053,1869.65
222,18,-82.1159,528.566
222,19,-77.0539,473.704
222,20,-101.664,1174.22
222,21,-101.666,1118.74
222,22,-90.8127,984.824
222,23,-95.2347,970.78
222,24,-100.116,980.668
222,25,-90.3444,1413.76
222,26,-91.5886,1182.21
222,27,-102.147,1442.3
222,28,-91.0449,1274.06
222,29,-102.969,1353.01
222,30,-88.7644,731.262
222,31,-93.6989,1176.45
222,32,-94.0111,907.617
222,33,-100.245,985.375
222,34,-98.0936,1251.84
222,35,-92.5478,1161.42
222,36,-97.3299,1035.21
222,37,-96.644,1117.24
222,38,-96.8784,1461.19
222,39,-96.0643,1121.7
222,40,-77.4675,480.843
222,41,-98.9401,1514.55
222,42,-97.9234,1236.98
222,43,-100.896,1191.48
222,44,-99.4681,1452.93
222,45,-104.955,1955.72
222,46,-100.069,1489.24
222,47,-90.4579,1067.99
222,48,-90.4501,1067.4
222,49,-90.4422,1066.82
222,50,-90.4344,1066.24
222,51,-95.9563,998.175
222,52,-90.2348,1125.47
222,53,-90.2267,1124.83
222,54,-90.1833,659.967
222,55,-88.7704,597.671
222,56,-88.7549,597.024
222,57,-80.5533,412.628
222,58,-83.8858,491.476
222,59,-83.8654,490.773
222,60,-85.2102,539.342
222,61,-85.1917,538.64
222,62,-81.5231,616.626
222,63,-81.5148,616.269
222,64,-81.1975,602.698
222,65,-81.1885,602.317
222,66,-80.8158,586.77
222,67,-80.8064,586.383
222,68,-78.8531,537.454
222,69,-78.8358,536.802
222,70,-90.5735,564.784
222,71,-90.5566,564.113
222,72,-48.3484,56.565
222,73,-48.4578,57.0009
222,74,-68.1792,187.907
222,75,-64.7864,237.514
222,76,-87.3626,751.388
222,77,-88.9188,751.06
222,78,-89.2915,861.667
222,79,-88.9005,738.282
222,80,-88.8922,737.852
222,81,-88.8839,737.421
222,82,-85.9797,686.269
222,83,-85.9661,685.615
222,84,-93.462,1104.26
222,85,-93.453,1103.57
222,86,-93.444,1102.87
222,87,-93.435,1102.17
222,88,-90.9117,1350.68
222,89,-90.9044,1349.99
222,90,-90.6788,879.227
222,91,-90.6675,878.529
222,92,-81.6428,850.342
222,93,-81.631,849.636
222,94,-89.5463,609.027
222,95,-89.5326,608.44
222,96,-82.7605,617.964
222,97,-82.7484,617.441
222,98,-91.2659,1102.79
222,99,-91.261,1102.41
222,100,-91.2562,1102.04
222,101,-91.2514,1101.67
222,102,-100.029,1165.72
222,103,-100.024,1165.33
222,104,-99.1865,1540.97
222,105,-99.1812,1540.4
222,106,-99.1759,1539.83
222,107,-99.1707,1539.26
222,108,-99.1654,1538.69
222,109,-98.8817,1508.35
222,110,-98.8762,1507.78
222,111,-102.821,1447.72
222,112,-102.816,1447.16
222,113,-95.3498,1515.64
222,114,-95.3449,1515.11
222,115,-95.3399,1514.59
222,116,-95.335,1514.06
222,117,-97.4099,1347.12
222,118,-97.405,1346.66
222,119,-97.4001,1346.2
222,120,-97.3953,1345.74
222,121,-95.6225,1258.02
222,122,-95.6173,1257.56
222,123,-93.0401,1123.29
222,124,-93.0342,1122.83
222,125,-93.0284,1122.37
222,126,-93.0225,1121.91
222,127,-89.6374,995.103
222,128,-89.6303,994.609
222,129,-89.6232,994.115
222,130,-88.0217,916.762
222,131,-88.0132,916.215
222,132,-88.0047,915.669
222,133,-98.7317,886.116
222,134,-98.7226,885.549
222,135,-92.1463,879.033
222,136,-92.1362,878.412
222,137,-92.1262,877.792
222,138,-92.1161,877.171
222,139,-91.2763,734.015
222,140,-89.0299,883.623
222,141,-89.019,882.942
222,142,-89.8404,935.333
222,143,-89.8305,934.682
222,144,-92.5473,904.121
222,145,-92.5374,903.49
222,146,-92.5274,902.858
222,147,-85.8663,1045.63
222,148,-85.8572,1044.96
222,149,-85.848,1044.29
222,150,-85.8389,1043.62
222,151,-86.6625,1105.72
222,152,-86.6538,1105.04
222,153,-86.645,1104.36
222,154,-101.503,1161.05
222,155,-101.495,1160.37
222,156,-99.1314,1355.14
222,157,-99.1244,1354.47
222,158,-99.9711,1437.38
222,159,-99.9645,1436.72
222,160,-99.784,1418.64
222,161,-99.7774,1417.98
222,162,-103.333,1387.96
222,163,-103.326,1387.32
222,164,-106.164,1371.41
222,165,-106.157,1370.78
222,166,-106.151,1370.16
222,167,-106.144,1369.53
222,168,-92.5041,1047.1
222,169,-92.4945,1046.39
222,170,-99.8954,1083.6
222,171,-99.8863,1082.91
222,172,-91.9918,1216.14
222,173,-91.9837,1215.45
222,174,-94.1654,1142.44
222,175,-94.1566,1141.73
222,176,-101.981,1331.67
222,177,-101.973,1330.98
222,178,-96.9777,1471.41
222,179,-96.9709,1470.71
222,180,-99.3994,1445.94
222,181,-99.3924,1445.23
222,182,-94.3774,1310.08
222,183,-94.3697,1309.38
222,184,-101.079,1206.87
222,185,-101.07,1206.17
222,186,-98.2321,1264.07
222,187,-98.2242,1263.37
222,188,-105.88,1714.22
222,189,-105.874,1713.53
222,190,-101.572,1808.52
222,191,-101.567,1807.91
222,192,-101.563,1807.31
222,193,-98.0562,1694.06
222,194,-98.051,1693.45
222,195,-110.225,1734.99
222,196,-110.219,1734.35
222,197,-110.214,1733.71
222,198,-100.668,1747.39
222,199,-100.663,1746.71
222,200,-100.657,1746.04
222,201,-98.7037,1647.46
222,202,-98.698,1646.8
222,203,-102.934,1601.95
222,204,-102.928,1601.29
222,205,-102.922,1600.64
222,206,-100.321,1515.88
222,207,-100.315,1515.24
222,208,-100.309,1514.6
222,209,-99.7701,1458.36
222,210,-99.7638,1457.71
222,211,-99.7575,1457.06
222,212,-94.8332,1669.21
222,213,-94.8272,1668.51
222,214,-96.3798,1451.02
222,215,-96.3738,1450.42
222,216,-96.3679,1449.82
222,217,-100.044,1598
222,218,-98.6583,1324.6
222,219,-96.4292,1565.06
222,220,-96.4236,1564.44
222,221,-76.7767,349.163
222,0,-72.6427,177.386
222,1,-101.147,1409.33
222,2,-87.5845,522.123
222,3,-92.186,629.109
222,4,-104.959,1559.37
222,5,-97.3284,1036
222,6,-102.713,1620.19
222,7,-92.5602,1089.82
222,8,-97.4033,1380.1
222,9,-92.2881,1183.21
222,10,-96.7363,1387.88
222,11,-94.9894,1324.46
222,12,-99.7119,1414.68
222,13,-101.042,1554.78
222,14,-92.3908,1429.33
222,15,-96.9716,1789.73
222,16,-91.5988,1558.6
222,17,-99.751,1869.65
222,18,-87.3679,528.566
222,19,-83.9569,473.704
222,20,-98.9274,1174.22
222,21,-94.1311,1118.74
222,22,-91.7047,984.824
222,23,-95.3675,970.78
222,24,-90.7389,980.668
222,25,-100.059,1413.76
222,26,-98.7446,1182.21
222,27,-101.157,1442.3
222,28,-94.5316,1274.06
222,29,-95.3084,1353.01
222,30,-89.3046,731.262
222,31,-94.2436,1176.45
222,32,-88.4243,907.617
222,33,-97.5769,985.375
222,34,-98.0769,1251.84
222,35,-90.9362,1161.42
222,36,-95.7525,1035.21
222,37,-96.6111,1117.24
222,38,-100.501,1461.19
222,39,-98.3889,1121.7
222,40,-81.6787,480.843
222,41,-100.806,1514.55
222,42,-97.9067,1236.98
222,43,-91.3672,1191.48
222,44,-100.092,1452.93
222,45,-97.6762,1955.72
222,46,-98.9654,1489.24
222,47,-94.2277,1067.99
222,48,-94.2199,1067.4
222,49,-94.2121,1066.82
222,50,-94.2043,1066.24
222,51,-91.8129,998.175
222,52,-97.6338,1125.47
222,53,-97.6257,1124.83
222,54,-81.9055,659.967
222,55,-80.4926,597.671
222,56,-80.4771,597.024
222,57,-75.79,412.628
222,58,-81.7624,491.476
222,59,-81.742,490.773
222,60,-83.0868,539.342
222,61,-83.0682,538.64
222,62,-85.1174,616.626
222,63,-85.1092,616.269
222,64,-84.7918,602.698
222,65,-84.7828,602.317
222,66,-84.4102,586.77
222,67,-84.4007,586.383
222,68,-85.7562,537.454
222,69,-85.7389,536.802
222,70,-84.7248,564.784
222,71,-84.7078,564.113
222,72,-54.6268,56.565
222,73,-54.7362,57.0009
222,74,-73.4638,187.907
222,75,-70.5896,237.514
222,76,-86.7937,751.388
222,77,-83.5036,751.06
222,78,-92.9545,861.667
222,79,-89.4408,738.282
222,80,-89.4325,737.852
222,81,-89.4242,737.421
222,82,-93.4253,686.269
222,83,-93.4118,685.615
222,84,-90.6729,1104.26
222,85,-90.6639,1103.57
222,86,-90.6549,1102.87
222,87,-90.6459,1102.17
222,88,-98.9716,1350.68
222,89,-98.9643,1349.99
222,90,-93.5334,879.227
222,91,-93.5221,878.529
222,92,-89.6629,850.342
222,93,-89.6511,849.636
222,94,-85.6517,609.027
222,95,-85.638,608.44
222,96,-82.6625,617.964
222,97,-82.6504,617.441
222,98,-98.0822,1102.79
222,99,-98.0774,1102.41
222,100,-98.0726,1102.04
222,101,-98.0678,1101.67
222,102,-91.5707,1165.72
222,103,-91.5659,1165.33
222,104,-101.052,1540.97
222,105,-101.047,1540.4
222,106,-101.042,1539.83
222,107,-101.037,1539.26
222,108,-101.031,1538.69
222,109,-100.748,1508.35
222,110,-100.742,1507.78
222,111,-95.804,1447.72
222,112,-95.7985,1447.16
222,113,-100.353,1515.64
222,114,-100.348,1515.11
222,115,-100.343,1514.59
222,116,-100.338,1514.06
222,117,-95.2354,1347.12
222,118,-95.2305,1346.66
222,119,-95.2256,1346.2
222,120,-95.2208,1345.74
222,121,-95.3788,1258.02
222,122,-95.3736,1257.56
222,123,-93.5848,1123.29
222,124,-93.5789,1122.83
222,125,-93.5731,1122.37
222,126,-93.5672,1121.91
222,127,-93.264,995.103
222,128,-93.2569,994.609
222,129,-93.2498,994.115
222,130,-94.1045,916.762
222,131,-94.096,916.215
222,132,-94.0875,915.669
222,133,-96.0639,886.116
222,134,-96.0548,885.549
222,135,-89.1802,879.033
222,136,-89.1701,878.412
222,137,-89.16,877.792
222,138,-89.15,877.171
222,139,-87.5209,734.015
222,140,-93.8511,883.623
222,141,-93.8401,882.942
222,142,-94.6615,935.333
222,143,-94.6516,934.682
222,144,-89.5812,904.121
222,145,-89.5712,903.49
222,146,-89.5613,902.858
222,147,-92.4747,1045.63
222,148,-92.4655,1044.96
222,149,-92.4564,1044.29
222,150,-92.4472,1043.62
222,151,-93.2708,1105.72
222,152,-93.2621,1105.04
222,153,-93.2534,1104.36
222,154,-98.7666,1161.05
222,155,-98.7583,1160.37
222,156,-98.4576,1355.14
222,157,-98.4505,1354.47
222,158,-99.2972,1437.38
222,159,-99.2906,1436.72
222,160,-99.1101,1418.64
222,161,-99.1036,1417.98
222,162,-95.6718,1387.96
222,163,-95.6653,1387.32
222,164,-103.236,1371.41
222,165,-103.23,1370.78
222,166,-103.223,1370.16
222,167,-103.217,1369.53
222,168,-89.4541,1047.1
222,169,-89.4444,1046.39
222,170,-92.4787,1083.6
222,171,-92.4695,1082.91
222,172,-99.1478,1216.14
222,173,-99.1397,1215.45
222,174,-93.0569,1142.44
222,175,-93.0481,1141.73
222,176,-94.4176,1331.67
222,177,-94.4102,1330.98
222,178,-100.601,1471.41
222,179,-100.594,1470.71
222,180,-100.023,1445.94
222,181,-100.016,1445.23
222,182,-91.7314,1310.08
222,183,-91.7237,1309.38
222,184,-91.5502,1206.87
222,185,-91.5418,1206.17
222,186,-98.2154,1264.07
222,187,-98.2075,1263.37
222,188,-95.7734,1714.22
222,189,-95.7676,1713.53
222,190,-99.362,1808.52
222,191,-99.3572,1807.91
222,192,-99.3524,1807.31
222,193,-103.348,1694.06
222,194,-103.343,1693.45
222,195,-103.947,1734.99
222,196,-103.942,1734.35
222,197,-103.937,1733.71
222,198,-95.7874,1747.39
222,199,-95.7819,1746.71
222,200,-95.7764,1746.04
222,201,-105.63,1647.46
222,202,-105.624,1646.8
222,203,-96.8897,1601.95
222,204,-96.8839,1601.29
222,205,-96.878,1600.64
222,206,-99.2181,1515.88
222,207,-99.2121,1515.24
222,208,-99.2061,1514.6
222,209,-98.6668,1458.36
222,210,-98.6605,1457.71
222,211,-98.6541,1457.06
222,212,-98.7714,1669.21
222,213,-98.7654,1668.51
222,214,-92.6055,1451.02
222,215,-92.5996,1450.42
222,216,-92.5937,1449.82
222,217,-96.4992,1598
222,218,-98.7525,1324.6
222,219,-105.011,1565.06
222,220,-105.006,1564.44
222,221,-76.2977,349.163
222,0,-68.6667,177.386
222,1,-93.97,1409.33
222,2,-79.9317,522.123
222,3,-81.7109,629.109
222,4,-96.34,1559.37
222,5,-92.3009,1036
222,6,-97.5672,1620.19
222,7,-90.9857,1089.82
222,8,-97.7506,1380.1
222,9,-93.7807,1183.21
222,10,-98.2849,1387.88
222,11,-97.5657,1324.46
222,12,-95.0273,1414.68
222,13,-103.945,1554.78
222,14,-99.0257,1429.33
222,15,-105.118,1789.73
222,16,-98.4424,1558.6
222,17,-96.4827,1869.65
222,18,-78.3851,528.566
222,19,-82.0493,473.704
222,20,-98.2936,1174.22
222,21,-96.8534,1118.74
222,22,-96.2692,984.824
222,23,-93.1105,970.78
222,24,-92.0186,980.668
222,25,-93.8059,1413.76
222,26,-95.6669,1182.21
222,27,-99.8548,1442.3
222,28,-96.5598,1274.06
222,29,-93.1805,1353.01
222,30,-87.0881,731.262
222,31,-100.486,1176.45
222,32,-91.9194,907.617
222,33,-88.6563,985.375
222,34,-92.7942,1251.84
222,35,-100.674,1161.42
222,36,-98.0107,1035.21
222,37,-95.5029,1117.24
222,38,-93.3045,1461.19
222,39,-90.7334,1121.7
222,40,-91.3519,480.843
222,41,-96.9699,1514.55
222,42,-92.6241,1236.98
222,43,-98.2939,1191.48
222,44,-95.4075,1452.93
222,45,-94.5613,1955.72
222,46,-99.828,1489.24
222,47,-85.3566,1067.99
222,48,-85.3488,1067.4
222,49,-85.341,1066.82
222,50,-85.3332,1066.24
222,51,-97.0841,998.175
222,52,-86.9403,1125.47
222,53,-86.9322,1124.83
222,54,-84.1903,659.967
222,55,-82.7774,597.671
222,56,-82.762,597.024
222,57,-74.9354,412.628
222,58,-82.1241,491.476
222,59,-82.1037,490.773
222,60,-83.4485,539.342
222,61,-83.4299,538.64
222,62,-88.0704,616.626
222,63,-88.0622,616.269
222,64,-87.7449,602.698
222,65,-87.7358,602.317
222,66,-87.3632,586.77
222,67,-87.3538,586.383
222,68,-83.8485,537.454
222,69,-83.8312,536.802
222,70,-81.2966,564.784
222,71,-81.2796,564.113
222,72,-55.7004,56.565
222,73,-55.8098,57.0009
222,74,-69.4878,187.907
222,75,-69.7937,237.514
222,76,-83.8514,751.388
222,77,-90.4107,751.06
222,78,-93.6685,861.667
222,79,-87.2243,738.282
222,80,-87.216,737.852
222,81,-87.2077,737.421
222,82,-82.9502,686.269
222,83,-82.9366,685.615
222,84,-91.2711,1104.26
222,85,-91.2621,1103.57
222,86,-91.2531,1102.87
222,87,-91.2441,1102.17
222,88,-93.5669,1350.68
222,89,-93.5596,1349.99
222,90,-91.3907,879.227
222,91,-91.3794,878.529
222,92,-89.9777,850.342
222,93,-89.9659,849.636
222,94,-88.7136,609.027
222,95,-88.6999,608.44
222,96,-92.9098,617.964
222,97,-92.8977,617.441
222,98,-91.0324,1102.79
222,99,-91.0276,1102.41
222,100,-91.0228,1102.04
222,101,-91.0179,1101.67
222,102,-94.9806,1165.72
222,103,-94.9758,1165.33
222,104,-97.2163,1540.97
222,105,-97.2111,1540.4
222,106,-97.2058,1539.83
222,107,-97.2005,1539.26
222,108,-97.1953,1538.69
222,109,-96.9115,1508.35
222,110,-96.9061,1507.78
222,111,-102.773,1447.72
222,112,-102.767,1447.16
222,113,-99.7689,1515.64
222,114,-99.764,1515.11
222,115,-99.7591,1514.59
222,116,-99.7541,1514.06
222,117,-97.8594,1347.12
222,118,-97.8545,1346.66
222,119,-97.8497,1346.2
222,120,-97.8448,1345.74
222,121,-93.8653,1258.02
222,122,-93.8602,1257.56
222,123,-99.8275,1123.29
222,124,-99.8216,1122.83
222,125,-99.8158,1122.37
222,126,-99.8099,1121.91
222,127,-93.0635,995.103
222,128,-93.0564,994.609
222,129,-93.0493,994.115
222,130,-87.0069,916.762
222,131,-86.9984,916.215
222,132,-86.9899,915.669
222,133,-87.1433,886.116
222,134,-87.1342,885.549
222,135,-92.7902,879.033
222,136,-92.7801,878.412
222,137,-92.7701,877.792
222,138,-92.76,877.171
222,139,-88.3852,734.015
222,140,-89.4421,883.623
222,141,-89.4311,882.942
222,142,-90.2525,935.333
222,143,-90.2426,934.682
222,144,-93.1912,904.121
222,145,-93.1813,903.49
222,146,-93.1713,902.858
222,147,-88.7894,1045.63
222,148,-88.7803,1044.96
222,149,-88.7711,1044.29
222,150,-88.762,1043.62
222,151,-89.5856,1105.72
222,152,-89.5769,1105.04
222,153,-89.5681,1104.36
222,154,-98.1327,1161.05
222,155,-98.1244,1160.37
222,156,-96.4108,1355.14
222,157,-96.4038,1354.47
222,158,-97.2505,1437.38
222,159,-97.2438,1436.72
222,160,-97.0634,1418.64
222,161,-97.0568,1417.98
222,162,-93.544,1387.96
222,163,-93.5374,1387.32
222,164,-92.2062,1371.41
222,165,-92.1997,1370.78
222,166,-92.1932,1370.16
222,167,-92.1867,1369.53
222,168,-89.7883,1047.1
222,169,-89.7787,1046.39
222,170,-90.9042,1083.6
222,171,-90.8951,1082.91
222,172,-96.07,1216.14
222,173,-96.062,1215.45
222,174,-95.2326,1142.44
222,175,-95.2238,1141.73
222,176,-91.8471,1331.67
222,177,-91.8397,1330.98
222,178,-93.4038,1471.41
222,179,-93.397,1470.71
222,180,-95.3387,1445.94
222,181,-95.3318,1445.23
222,182,-98.7731,1310.08
222,183,-98.7655,1309.38
222,184,-98.4768,1206.87
222,185,-98.4685,1206.17
222,186,-92.9328,1264.07
222,187,-92.9249,1263.37
222,188,-93.9658,1714.22
222,189,-93.9601,1713.53
222,190,-100.994,1808.52
222,191,-100.989,1807.91
222,192,-100.984,1807.31
222,193,-98.2025,1694.06
222,194,-98.1973,1693.45
222,195,-96.712,1734.99
222,196,-96.7067,1734.35
222,197,-96.7015,1733.71
222,198,-94.0484,1747.39
222,199,-94.0429,1746.71
222,200,-94.0374,1746.04
222,201,-96.6125,1647.46
222,202,-96.6068,1646.8
222,203,-97.0471,1601.95
222,204,-97.0413,1601.29
222,205,-97.0354,1600.64
222,206,-100.081,1515.88
222,207,-100.075,1515.24
222,208,-100.069,1514.6
222,209,-99.5294,1458.36
222,210,-99.5231,1457.71
222,211,-99.5167,1457.06
222,212,-108.541,1669.21
222,213,-108.535,1668.51
222,214,-99.2404,1451.02
222,215,-99.2344,1450.42
222,216,-99.2285,1449.82
222,217,-100.694,1598
222,218,-99.8385,1324.6
222,219,-96.3918,1565.06
222,220,-96.3861,1564.44
222,221,-78.6495,349.163
222,0,-63.4025,177.386
222,1,-91.1657,1409.33
222,2,-83.8284,522.123
222,3,-85.9025,629.109
222,4,-96.8157,1559.37
222,5,-101.078,1036
222,6,-96.153,1620.19
222,7,-89.9131,1089.82
222,8,-93.6765,1380.1
222,9,-88.8282,1183.21
222,10,-99.1486,1387.88
222,11,-97.5338,1324.46
222,12,-95.2091,1414.68
222,13,-99.9778,1554.78
222,14,-95.9459,1429.33
222,15,-101.989,1789.73
222,16,-93.1794,1558.6
222,17,-98.8333,1869.65
222,18,-86.6891,528.566
222,19,-81.7204,473.704
222,20,-99.1316,1174.22
222,21,-96.6355,1118.74
222,22,-89.5703,984.824
222,23,-92.6638,970.78
222,24,-89.5926,980.668
222,25,-91.0481,1413.76
222,26,-92.2111,1182.21
222,27,-89.9994,1442.3
222,28,-101.65,1274.06
222,29,-97.7984,1353.01
222,30,-83.8267,731.262
222,31,-93.0582,1176.45
222,32,-93.6021,907.617
222,33,-92.6764,985.375
222,34,-97.6701,1251.84
222,35,-93.0811,1161.42
222,36,-93.4926,1035.21
222,37,-93.7417,1117.24
222,38,-97.4526,1461.19
222,39,-91.8838,1121.7
222,40,-91.8122,480.843
222,41,-103.976,1514.55
222,42,-97.5,1236.98
222,43,-88.2174,1191.48
222,44,-95.5893,1452.93
222,45,-95.3636,1955.72
222,46,-99.5699,1489.24
222,47,-90.0013,1067.99
222,48,-89.9935,1067.4
222,49,-89.9857,1066.82
222,50,-89.9778,1066.24
222,51,-92.0058,998.175
222,52,-97.5133,1125.47
222,53,-97.5053,1124.83
222,54,-88.7319,659.967
222,55,-87.319,597.671
222,56,-87.3036,597.024
222,57,-82.8664,412.628
222,58,-85.213,491.476
222,59,-85.1926,490.773
222,60,-86.5374,539.342
222,61,-86.5189,538.64
222,62,-85.6586,616.626
222,63,-85.6503,616.269
222,64,-85.333,602.698
222,65,-85.324,602.317
222,66,-84.9513,586.77
222,67,-84.9419,586.383
222,68,-83.5197,537.454
222,69,-83.5024,536.802
222,70,-82.8757,564.784
222,71,-82.8588,564.113
222,72,-51.0398,56.565
222,73,-51.1492,57.0009
222,74,-64.2236,187.907
222,75,-76.2822,237.514
222,76,-96.0789,751.388
222,77,-83.9317,751.06
222,78,-86.9108,861.667
222,79,-83.9629,738.282
222,80,-83.9546,737.852
222,81,-83.9463,737.421
222,82,-87.1417,686.269
222,83,-87.1282,685.615
222,84,-90.3661,1104.26
222,85,-90.3571,1103.57
222,86,-90.3481,1102.87
222,87,-90.3391,1102.17
222,88,-102.428,1350.68
222,89,-102.421,1349.99
222,90,-91.6906,879.227
222,91,-91.6793,878.529
222,92,-96.5214,850.342
222,93,-96.5095,849.636
222,94,-88.7133,609.027
222,95,-88.6995,608.44
222,96,-82.28,617.964
222,97,-82.268,617.441
222,98,-96.0937,1102.79
222,99,-96.0889,1102.41
222,100,-96.0841,1102.04
222,101,-96.0793,1101.67
222,102,-98.0994,1165.72
222,103,-98.0946,1165.33
222,104,-104.223,1540.97
222,105,-104.217,1540.4
222,106,-104.212,1539.83
222,107,-104.207,1539.26
222,108,-104.202,1538.69
222,109,-103.918,1508.35
222,110,-103.912,1507.78
222,111,-95.12,1447.72
222,112,-95.1145,1447.16
222,113,-98.0344,1515.64
222,114,-98.0294,1515.11
222,115,-98.0245,1514.59
222,116,-98.0195,1514.06
222,117,-94.3951,1347.12
222,118,-94.3902,1346.66
222,119,-94.3853,1346.2
222,120,-94.3805,1345.74
222,121,-96.5882,1258.02
222,122,-96.583,1257.56
222,123,-92.3994,1123.29
222,124,-92.3936,1122.83
222,125,-92.3877,1122.37
222,126,-92.3818,1121.91
222,127,-95.676,995.103
222,128,-95.6689,994.609
222,129,-95.6619,994.115
222,130,-93.0081,916.762
222,131,-92.9996,916.215
222,132,-92.9911,915.669
222,133,-91.1634,886.116
222,134,-91.1543,885.549
222,135,-91.4032,879.033
222,136,-91.3931,878.412
222,137,-91.383,877.792
222,138,-91.3729,877.171
222,139,-87.961,734.015
222,140,-95.0409,883.623
222,141,-95.0299,882.942
222,142,-95.8513,935.333
222,143,-95.8414,934.682
222,144,-91.8042,904.121
222,145,-91.7942,903.49
222,146,-91.7843,902.858
222,147,-93.4578,1045.63
222,148,-93.4486,1044.96
222,149,-93.4395,1044.29
222,150,-93.4303,1043.62
222,151,-94.254,1105.72
222,152,-94.2452,1105.04
222,153,-94.2365,1104.36
222,154,-98.9707,1161.05
222,155,-98.9624,1160.37
222,156,-99.3787,1355.14
222,157,-99.3716,1354.47
222,158,-100.218,1437.38
222,159,-100.212,1436.72
222,160,-100.031,1418.64
222,161,-100.025,1417.98
222,162,-98.1618,1387.96
222,163,-98.1553,1387.32
222,164,-103.474,1371.41
222,165,-103.467,1370.78
222,166,-103.461,1370.16
222,167,-103.454,1369.53
222,168,-89.297,1047.1
222,169,-89.2874,1046.39
222,170,-89.8315,1083.6
222,171,-89.8224,1082.91
222,172,-92.6143,1216.14
222,173,-92.6062,1215.45
222,174,-90.0321,1142.44
222,175,-90.0233,1141.73
222,176,-97.7517,1331.67
222,177,-97.7443,1330.98
222,178,-97.552,1471.41
222,179,-97.5452,1470.71
222,180,-95.5205,1445.94
222,181,-95.5135,1445.23
222,182,-93.7359,1310.08
222,183,-93.7282,1309.38
222,184,-88.4004,1206.87
222,185,-88.392,1206.17
222,186,-97.8087,1264.07
222,187,-97.8008,1263.37
222,188,-106.056,1714.22
222,189,-106.051,1713.53
222,190,-103.014,1808.52
222,191,-103.009,1807.91
222,192,-103.004,1807.31
222,193,-96.7883,1694.06
222,194,-96.7832,1693.45
222,195,-97.948,1734.99
222,196,-97.9427,1734.35
222,197,-97.9374,1733.71
222,198,-101.574,1747.39
222,199,-101.569,1746.71
222,200,-101.563,1746.04
222,201,-97.8574,1647.46
222,202,-97.8517,1646.8
222,203,-93.7693,1601.95
222,204,-93.7635,1601.29
222,205,-93.7577,1600.64
222,206,-99.8227,1515.88
222,207,-99.8166,1515.24
222,208,-99.8106,1514.6
222,209,-99.2713,1458.36
222,210,-99.265,1457.71
222,211,-99.2587,1457.06
222,212,-96.1246,1669.21
222,213,-96.1186,1668.51
222,214,-96.1605,1451.02
222,215,-96.1546,1450.42
222,216,-96.1487,1449.82
222,217,-98.1877,1598
222,218,-102.483,1324.6
222,219,-96.8676,1565.06
222,220,-96.8619,1564.44
222,221,-75.4079,349.163
222,0,-71.2273,177.386
222,1,-95.0392,1409.33
222,2,-81.9955,522.123
222,3,-85.534,629.109
222,4,-99.8162,1559.37
222,5,-92.2231,1036
222,6,-99.2504,1620.19
222,7,-93.265,1089.82
222,8,-95.4807,1380.1
222,9,-93.6069,1183.21
222,10,-93.3751,1387.88
222,11,-90.7137,1324.46
222,12,-98.247,1414.68
222,13,-97.9614,1554.78
222,14,-95.0161,1429.33
222,15,-94.8596,1789.73
222,16,-95.2275,1558.6
222,17,-104.356,1869.65
222,18,-86.4429,528.566
222,19,-82.5458,473.704
222,20,-100.5,1174.22
222,21,-90.4543,1118.74
222,22,-92.1915,984.824
222,23,-94.9665,970.78
222,24,-92.5852,980.668
222,25,-98.6141,1413.76
222,26,-98.7204,1182.21
222,27,-96.6862,1442.3
222,28,-90.3449,1274.06
222,29,-94.7255,1353.01
222,30,-87.582,731.262
222,31,-93.5206,1176.45
222,32,-88.2875,907.617
222,33,-89.186,985.375
222,34,-100.024,1251.84
222,35,-90.9079,1161.42
222,36,-92.5149,1035.21
222,37,-96.5774,1117.24
222,38,-99.6756,1461.19
222,39,-93.6572,1121.7
222,40,-82.9547,480.843
222,41,-101.301,1514.55
222,42,-99.8541,1236.98
222,43,-100.605,1191.48
222,44,-98.6272,1452.93
222,45,-103.346,1955.72
222,46,-90.961,1489.24
222,47,-91.6098,1067.99
222,48,-91.602,1067.4
222,49,-91.5942,1066.82
222,50,-91.5864,1066.24
222,51,-92.9637,998.175
222,52,-94.8593,1125.47
222,53,-94.8513,1124.83
222,54,-91.0778,659.967
222,55,-89.6649,597.671
222,56,-89.6495,597.024
222,57,-76.6233,412.628
222,58,-83.6803,491.476
222,59,-83.6599,490.773
222,60,-85.0047,539.342
222,61,-84.9861,538.64
222,62,-87.1033,616.626
222,63,-87.0951,616.269
222,64,-86.7778,602.698
222,65,-86.7687,602.317
222,66,-86.3961,586.77
222,67,-86.3867,586.383
222,68,-84.3451,537.454
222,69,-84.3278,536.802
222,70,-86.1683,564.784
222,71,-86.1513,564.113
222,72,-45.609,56.565
222,73,-45.7184,57.0009
222,74,-72.0484,187.907
222,75,-76.938,237.514
222,76,-90.3808,751.388
222,77,-87.8892,751.06
222,78,-92.9805,861.667
222,79,-87.7182,738.282
222,80,-87.7098,737.852
222,81,-87.7015,737.421
222,82,-86.7733,686.269
222,83,-86.7597,685.615
222,84,-96.1402,1104.26
222,85,-96.1312,1103.57
222,86,-96.1222,1102.87
222,87,-96.1132,1102.17
222,88,-89.9771,1350.68
222,89,-89.9698,1349.99
222,90,-96.7006,879.227
222,91,-96.6893,878.529
222,92,-84.7417,850.342
222,93,-84.7299,849.636
222,94,-84.1361,609.027
222,95,-84.1223,608.44
222,96,-89.1765,617.964
222,97,-89.1645,617.441
222,98,-95.8217,1102.79
222,99,-95.8169,1102.41
222,100,-95.812,1102.04
222,101,-95.8072,1101.67
222,102,-94.0463,1165.72
222,103,-94.0415,1165.33
222,104,-101.547,1540.97
222,105,-101.542,1540.4
222,106,-101.536,1539.83
222,107,-101.531,1539.26
222,108,-101.526,1538.69
222,109,-101.242,1508.35
222,110,-101.237,1507.78
222,111,-98.3841,1447.72
222,112,-98.3786,1447.16
222,113,-98.4596,1515.64
222,114,-98.4547,1515.11
222,115,-98.4497,1514.59
222,116,-98.4448,1514.06
222,117,-100.536,1347.12
222,118,-100.531,1346.66
222,119,-100.526,1346.2
222,120,-100.522,1345.74
222,121,-95.9671,1258.02
222,122,-95.9619,1257.56
222,123,-92.8618,1123.29
222,124,-92.8559,1122.83
222,125,-92.85,1122.37
222,126,-92.8442,1121.91
222,127,-90.1747,995.103
222,128,-90.1676,994.609
222,129,-90.1605,994.115
222,130,-88.1673,916.762
222,131,-88.1588,916.215
222,132,-88.1503,915.669
222,133,-87.6729,886.116
222,134,-87.6638,885.549
222,135,-92.3484,879.033
222,136,-92.3383,878.412
222,137,-92.3283,877.792
222,138,-92.3182,877.171
222,139,-87.05,734.015
222,140,-90.8715,883.623
222,141,-90.8606,882.942
222,142,-91.682,935.333
222,143,-91.6721,934.682
222,144,-92.7494,904.121
222,145,-92.7395,903.49
222,146,-92.7295,902.858
222,147,-89.2918,1045.63
222,148,-89.2826,1044.96
222,149,-89.2735,1044.29
222,150,-89.2643,1043.62
222,151,-90.0879,1105.72
222,152,-90.0792,1105.04
222,153,-90.0705,1104.36
222,154,-100.339,1161.05
222,155,-100.331,1160.37
222,156,-93.38,1355.14
222,157,-93.373,1354.47
222,158,-94.2197,1437.38
222,159,-94.2131,1436.72
222,160,-94.0326,1418.64
222,161,-94.026,1417.98
222,162,-95.089,1387.96
222,163,-95.0824,1387.32
222,164,-99.3273,1371.41
222,165,-99.3208,1370.78
222,166,-99.3143,1370.16
222,167,-99.3078,1369.53
222,168,-89.8083,1047.1
222,169,-89.7987,1046.39
222,170,-93.1835,1083.6
222,171,-93.1744,1082.91
222,172,-99.1236,1216.14
222,173,-99.1156,1215.45
222,174,-93.518,1142.44
222,175,-93.5092,1141.73
222,176,-106.488,1331.67
222,177,-106.48,1330.98
222,178,-99.7749,1471.41
222,179,-99.7681,1470.71
222,180,-98.5584,1445.94
222,181,-98.5515,1445.23
222,182,-97.961,1310.08
222,183,-97.9533,1309.38
222,184,-100.788,1206.87
222,185,-100.779,1206.17
222,186,-100.163,1264.07
222,187,-100.155,1263.37
222,188,-95.8904,1714.22
222,189,-95.8846,1713.53
222,190,-100.944,1808.52
222,191,-100.939,1807.91
222,192,-100.934,1807.31
222,193,-99.8857,1694.06
222,194,-99.8805,1693.45
222,195,-98.848,1734.99
222,196,-98.8428,1734.35
222,197,-98.8375,1733.71
222,198,-100.706,1747.39
222,199,-100.7,1746.71
222,200,-100.695,1746.04
222,201,-99.5404,1647.46
222,202,-99.5347,1646.8
222,203,-97.7143,1601.95
222,204,-97.7085,1601.29
222,205,-97.7027,1600.64
222,206,-91.2137,1515.88
222,207,-91.2076,1515.24
222,208,-91.2016,1514.6
222,209,-90.6623,1458.36
222,210,-90.656,1457.71
222,211,-90.6497,1457.06
222,212,-103.583,1669.21
222,213,-103.577,1668.51
222,214,-95.2308,1451.02
222,215,-95.2249,1450.42
222,216,-95.219,1449.82
222,217,-108.422,1598
222,218,-99.8056,1324.6
222,219,-99.868,1565.06
222,220,-99.8624,1564.44
222,221,-73.4504,349.163
222,0,-64.9547,177.386
222,1,-103.633,1409.33
222,2,-82.9796,522.123
222,3,-77.5441,629.109
222,4,-96.3255,1559.37
222,5,-85.6018,1036
222,6,-98.3023,1620.19
222,7,-93.4958,1089.82
222,8,-100.23,1380.1
222,9,-95.8973,1183.21
222,10,-92.1872,1387.88
222,11,-98.1152,1324.46
222,12,-104.235,1414.68
222,13,-96.1115,1554.78
222,14,-95.7542,1429.33
222,15,-94.9858,1789.73
222,16,-103.646,1558.6
222,17,-102.941,1869.65
222,18,-83.8943,528.566
222,19,-82.9298,473.704
222,20,-96.1665,1174.22
222,21,-100.208,1118.74
222,22,-87.8652,984.824
222,23,-97.3956,970.78
222,24,-99.5019,980.668
222,25,-95.5924,1413.76
222,26,-96.1763,1182.21
222,27,-99.4173,1442.3
222,28,-93.8108,1274.06
222,29,-92.5863,1353.01
222,30,-84.4141,731.262
222,31,-96.2787,1176.45
222,32,-90.0442,907.617
222,33,-94.6847,985.375
222,34,-96.2166,1251.84
222,35,-88.1806,1161.42
222,36,-96.6475,1035.21
222,37,-90.7958,1117.24
222,38,-99.8792,1461.19
222,39,-98.1399,1121.7
222,40,-90.1692,480.843
222,41,-102.396,1514.55
222,42,-96.0464,1236.98
222,43,-93.3073,1191.48
222,44,-104.615,1452.93
222,45,-98.411,1955.72
222,46,-101.018,1489.24
222,47,-96.5291,1067.99
222,48,-96.5213,1067.4
222,49,-96.5134,1066.82
222,50,-96.5056,1066.24
222,51,-90.6179,998.175
222,52,-96.266,1125.47
222,53,-96.2579,1124.83
222,54,-82.6598,659.967
222,55,-81.2469,597.671
222,56,-81.2314,597.024
222,57,-83.1091,412.628
222,58,-79.3042,491.476
222,59,-79.2838,490.773
222,60,-80.6286,539.342
222,61,-80.61,538.64
222,62,-82.9592,616.626
222,63,-82.9509,616.269
222,64,-82.6336,602.698
222,65,-82.6246,602.317
222,66,-82.252,586.77
222,67,-82.2425,586.383
222,68,-84.7291,537.454
222,69,-84.7118,536.802
222,70,-80.5773,564.784
222,71,-80.5603,564.113
222,72,-50.1534,56.565
222,73,-50.2628,57.0009
222,74,-65.7759,187.907
222,75,-73.5588,237.514
222,76,-85.0121,751.388
222,77,-90.0698,751.06
222,78,-85.8625,861.667
222,79,-84.5503,738.282
222,80,-84.5419,737.852
222,81,-84.5336,737.421
222,82,-78.7833,686.269
222,83,-78.7698,685.615
222,84,-87.9122,1104.26
222,85,-87.9032,1103.57
222,86,-87.8942,1102.87
222,87,-87.8852,1102.17
222,88,-100.867,1350.68
222,89,-100.86,1349.99
222,90,-90.426,879.227
222,91,-90.4147,878.529
222,92,-91.8035,850.342
222,93,-91.7917,849.636
222,94,-86.3523,609.027
222,95,-86.3386,608.44
222,96,-81.5846,617.964
222,97,-81.5725,617.441
222,98,-93.0263,1102.79
222,99,-93.0215,1102.41
222,100,-93.0166,1102.04
222,101,-93.0118,1101.67
222,102,-92.4052,1165.72
222,103,-92.4004,1165.33
222,104,-102.642,1540.97
222,105,-102.637,1540.4
222,106,-102.632,1539.83
222,107,-102.626,1539.26
222,108,-102.621,1538.69
222,109,-102.337,1508.35
222,110,-102.332,1507.78
222,111,-99.0842,1447.72
222,112,-99.0787,1447.16
222,113,-103.47,1515.64
222,114,-103.465,1515.11
222,115,-103.46,1514.59
222,116,-103.455,1514.06
222,117,-96.5228,1347.12
222,118,-96.5179,1346.66
222,119,-96.5131,1346.2
222,120,-96.5082,1345.74
222,121,-97.3913,1258.02
222,122,-97.3861,1257.56
222,123,-95.6198,1123.29
222,124,-95.614,1122.83
222,125,-95.6081,1122.37
222,126,-95.6022,1121.91
222,127,-94.1802,995.103
222,128,-94.1731,994.609
222,129,-94.1661,994.115
222,130,-93.8947,916.762
222,131,-93.8861,916.215
222,132,-93.8776,915.669
222,133,-93.1717,886.116
222,134,-93.1626,885.549
222,135,-92.0482,879.033
222,136,-92.0381,878.412
222,137,-92.028,877.792
222,138,-92.018,877.171
222,139,-91.1818,734.015
222,140,-91.5459,883.623
222,141,-91.5349,882.942
222,142,-92.3564,935.333
222,143,-92.3464,934.682
222,144,-92.4492,904.121
222,145,-92.4392,903.49
222,146,-92.4293,902.858
222,147,-99.2098,1045.63
222,148,-99.2007,1044.96
222,149,-99.1915,1044.29
222,150,-99.1823,1043.62
222,151,-100.006,1105.72
222,152,-99.9972,1105.04
222,153,-99.9885,1104.36
222,154,-96.0056,1161.05
222,155,-95.9973,1160.37
222,156,-93.674,1355.14
222,157,-93.6669,1354.47
222,158,-94.5136,1437.38
222,159,-94.507,1436.72
222,160,-94.3265,1418.64
222,161,-94.3199,1417.98
222,162,-92.9498,1387.96
222,163,-92.9432,1387.32
222,164,-101.536,1371.41
222,165,-101.53,1370.78
222,166,-101.523,1370.16
222,167,-101.517,1369.53
222,168,-94.0121,1047.1
222,169,-94.0025,1046.39
222,170,-93.4143,1083.6
222,171,-93.4052,1082.91
222,172,-96.5794,1216.14
222,173,-96.5714,1215.45
222,174,-97.2847,1142.44
222,175,-97.2759,1141.73
222,176,-101.335,1331.67
222,177,-101.328,1330.98
222,178,-99.9785,1471.41
222,179,-99.9717,1470.71
222,180,-104.546,1445.94
222,181,-104.539,1445.23
222,182,-91.3126,1310.08
222,183,-91.3049,1309.38
222,184,-93.4903,1206.87
222,185,-93.4819,1206.17
222,186,-96.3551,1264.07
222,187,-96.3473,1263.37
222,188,-100.196,1714.22
222,189,-100.19,1713.53
222,190,-100.89,1808.52
222,191,-100.885,1807.91
222,192,-100.88,1807.31
222,193,-98.9376,1694.06
222,194,-98.9325,1693.45
222,195,-100.608,1734.99
222,196,-100.602,1734.35
222,197,-100.597,1733.71
222,198,-98.91,1747.39
222,199,-98.9045,1746.71
222,200,-98.899,1746.04
222,201,-101.552,1647.46
222,202,-101.546,1646.8
222,203,-98.308,1601.95
222,204,-98.3022,1601.29
222,205,-98.2964,1600.64
222,206,-101.271,1515.88
222,207,-101.265,1515.24
222,208,-101.259,1514.6
222,209,-100.719,1458.36
222,210,-100.713,1457.71
222,211,-100.707,1457.06
222,212,-96.2276,1669.21
222,213,-96.2216,1668.51
222,214,-95.9689,1451.02
222,215,-95.963,1450.42
222,216,-95.957,1449.82
222,217,-97.8823,1598
222,218,-96.0364,1324.6
222,219,-96.3774,1565.06
222,220,-96.3717,1564.44
222,221,-74.1691,349.163
222,0,-68.9497,177.386
222,1,-95.4934,1409.33
222,2,-84.5058,522.123
222,3,-80.7375,629.109
222,4,-97.1177,1559.37
222,5,-95.9057,1036
222,6,-102.057,1620.19
222,7,-93.3547,1089.82
222,8,-95.0444,1380.1
222,9,-97.9976,1183.21
222,10,-103.346,1387.88
222,11,-100.22,1324.46
222,12,-100.162,1414.68
222,13,-103.733,1554.78
222,14,-95.5054,1429.33
222,15,-100.499,1789.73
222,16,-96.5412,1558.6
222,17,-94.1714,1869.65
222,18,-79.8223,528.566
222,19,-76.9901,473.704
222,20,-93.9999,1174.22
222,21,-97.4602,1118.74
222,22,-95.6229,984.824
222,23,-91.8168,970.78
222,24,-95.0391,980.668
222,25,-94.3105,1413.76
222,26,-99.6251,1182.21
222,27,-102.741,1442.3
222,28,-97.7767,1274.06
222,29,-93.5414,1353.01
222,30,-88.3736,731.262
222,31,-89.4047,1176.45
222,32,-94.2426,907.617
222,33,-94.3316,985.375
222,34,-85.1032,1251.84
222,35,-100.737,1161.42
222,36,-92.7644,1035.21
222,37,-84.666,1117.24
222,38,-98.4503,1461.19
222,39,-95.3179,1121.7
222,40,-83.6016,480.843
222,41,-100.931,1514.55
222,42,-84.9331,1236.98
222,43,-91.4565,1191.48
222,44,-100.542,1452.93
222,45,-106.111,1955.72
222,46,-96.4966,1489.24
222,47,-95.7076,1067.99
222,48,-95.6998,1067.4
222,49,-95.692,1066.82
222,50,-95.6841,1066.24
222,51,-92.9348,998.175
222,52,-95.3819,1125.47
222,53,-95.3738,1124.83
222,54,-96.6491,659.967
222,55,-95.2362,597.671
222,56,-95.2208,597.024
222,57,-79.9501,412.628
222,58,-82.4026,491.476
222,59,-82.3822,490.773
222,60,-83.727,539.342
222,61,-83.7084,538.64
222,62,-87.2299,616.626
222,63,-87.2216,616.269
222,64,-86.9043,602.698
222,65,-86.8953,602.317
222,66,-86.5226,586.77
222,67,-86.5132,586.383
222,68,-78.7893,537.454
222,69,-78.772,536.802
222,70,-83.8797,564.784
222,71,-83.8628,564.113
222,72,-57.4238,56.565
222,73,-57.5332,57.0009
222,74,-69.7708,187.907
222,75,-78.2296,237.514
222,76,-83.4454,751.388
222,77,-87.2275,751.06
222,78,-89.737,861.667
222,79,-88.5097,738.282
222,80,-88.5014,737.852
222,81,-88.4931,737.421
222,82,-81.9768,686.269
222,83,-81.9632,685.615
222,84,-97.8602,1104.26
222,85,-97.8512,1103.57
222,86,-97.8422,1102.87
222,87,-97.8332,1102.17
222,88,-97.8999,1350.68
222,89,-97.8926,1349.99
222,90,-91.825,879.227
222,91,-91.8137,878.529
222,92,-86.9919,850.342
222,93,-86.98,849.636
222,94,-80.3401,609.027
222,95,-80.3263,608.44
222,96,-84.7046,617.964
222,97,-84.6925,617.441
222,98,-95.6853,1102.79
222,99,-95.6805,1102.41
222,100,-95.6757,1102.04
222,101,-95.6708,1101.67
222,102,-94.7431,1165.72
222,103,-94.7383,1165.33
222,104,-101.178,1540.97
222,105,-101.173,1540.4
222,106,-101.167,1539.83
222,107,-101.162,1539.26
222,108,-101.157,1538.69
222,109,-100.873,1508.35
222,110,-100.868,1507.78
222,111,-97.0541,1447.72
222,112,-97.0485,1447.16
222,113,-98.9429,1515.64
222,114,-98.9379,1515.11
222,115,-98.933,1514.59
222,116,-98.928,1514.06
222,117,-96.9939,1347.12
222,118,-96.989,1346.66
222,119,-96.9842,1346.2
222,120,-96.9793,1345.74
222,121,-99.9082,1258.02
222,122,-99.903,1257.56
222,123,-88.7458,1123.29
222,124,-88.74,1122.83
222,125,-88.7341,1122.37
222,126,-88.7283,1121.91
222,127,-91.7678,995.103
222,128,-91.7607,994.609
222,129,-91.7536,994.115
222,130,-95.9881,916.762
222,131,-95.9796,916.215
222,132,-95.9711,915.669
222,133,-92.8185,886.116
222,134,-92.8094,885.549
222,135,-86.0204,879.033
222,136,-86.0104,878.412
222,137,-86.0003,877.792
222,138,-85.9902,877.171
222,139,-85.9896,734.015
222,140,-90.6133,883.623
222,141,-90.6023,882.942
222,142,-91.4237,935.333
222,143,-91.4138,934.682
222,144,-86.4215,904.121
222,145,-86.4115,903.49
222,146,-86.4015,902.858
222,147,-91.4349,1045.63
222,148,-91.4258,1044.96
222,149,-91.4166,1044.29
222,150,-91.4075,1043.62
222,151,-92.2311,1105.72
222,152,-92.2224,1105.04
222,153,-92.2136,1104.36
222,154,-93.839,1161.05
222,155,-93.8307,1160.37
222,156,-97.3709,1355.14
222,157,-97.3638,1354.47
222,158,-98.2105,1437.38
222,159,-98.2039,1436.72
222,160,-98.0234,1418.64
222,161,-98.0169,1417.98
222,162,-93.9048,1387.96
222,163,-93.8982,1387.32
222,164,-94.7091,1371.41
222,165,-94.7026,1370.78
222,166,-94.6961,1370.16
222,167,-94.6896,1369.53
222,168,-93.8255,1047.1
222,169,-93.8159,1046.39
222,170,-93.2732,1083.6
222,171,-93.2641,1082.91
222,172,-100.028,1216.14
222,173,-100.02,1215.45
222,174,-101.93,1142.44
222,175,-101.922,1141.73
222,176,-100.997,1331.67
222,177,-100.99,1330.98
222,178,-98.5496,1471.41
222,179,-98.5428,1470.71
222,180,-100.473,1445.94
222,181,-100.466,1445.23
222,182,-99.3087,1310.08
222,183,-99.301,1309.38
222,184,-91.6395,1206.87
222,185,-91.6311,1206.17
222,186,-85.2418,1264.07
222,187,-85.2339,1263.37
222,188,-94.7811,1714.22
222,189,-94.7753,1713.53
222,190,-104.112,1808.52
222,191,-104.107,1807.91
222,192,-104.102,1807.31
222,193,-102.692,1694.06
222,194,-102.687,1693.45
222,195,-100.865,1734.99
222,196,-100.859,1734.35
222,197,-100.854,1733.71
222,198,-94.492,1747.39
222,199,-94.4865,1746.71
222,200,-94.481,1746.04
222,201,-100.628,1647.46
222,202,-100.622,1646.8
222,203,-99.7305,1601.95
222,204,-99.7247,1601.29
222,205,-99.7188,1600.64
222,206,-96.7493,1515.88
222,207,-96.7433,1515.24
222,208,-96.7373,1514.6
222,209,-96.198,1458.36
222,210,-96.1917,1457.71
222,211,-96.1853,1457.06
222,212,-99.6158,1669.21
222,213,-99.6098,1668.51
222,214,-95.7201,1451.02
222,215,-95.7142,1450.42
222,216,-95.7083,1449.82
222,217,-92.9167,1598
222,218,-91.6734,1324.6
222,219,-97.1695,1565.06
222,220,-97.1639,1564.44
222,221,-78.8043,349.163
222,0,-72.1273,177.386
222,1,-95.5767,1409.33
222,2,-76.5935,522.123
222,3,-85.6064,629.109
222,4,-98.3255,1559.37
222,5,-96.4928,1036
222,6,-100.5,1620.19
222,7,-94.3969,1089.82
222,8,-95.7058,1380.1
222,9,-92.8302,1183.21
222,10,-101.806,1387.88
222,11,-102.981,1324.46
222,12,-100.679,1414.68
222,13,-100.579,1554.78
222,14,-100.63,1429.33
222,15,-103.69,1789.73
222,16,-90.9627,1558.6
222,17,-97.4253,1869.65
222,18,-81.5643,528.566
222,19,-84.2788,473.704
222,20,-92.3733,1174.22
222,21,-97.3176,1118.74
222,22,-91.5956,984.824
222,23,-99.704,970.78
222,24,-91.5506,980.668
222,25,-94.9012,1413.76
222,26,-91.6393,1182.21
222,27,-95.8035,1442.3
222,28,-98.206,1274.06
222,29,-96.1262,1353.01
222,30,-87.3784,731.262
222,31,-99.3782,1176.45
222,32,-88.6031,907.617
222,33,-86.2413,985.375
222,34,-96.503,1251.84
222,35,-86.0715,1161.42
222,36,-91.394,1035.21
222,37,-98.7034,1117.24
222,38,-96.4476,1461.19
222,39,-95.3207,1121.7
222,40,-86.2127,480.843
222,41,-98.7472,1514.55
222,42,-96.3329,1236.98
222,43,-95.0197,1191.48
222,44,-101.059,1452.93
222,45,-99.3594,1955.72
222,46,-94.3052,1489.24
222,47,-93.9658,1067.99
222,48,-93.958,1067.4
222,49,-93.9502,1066.82
222,50,-93.9424,1066.24
222,51,-91.8799,998.175
222,52,-91.2826,1125.47
222,53,-91.2745,1124.83
222,54,-84.0951,659.967
222,55,-82.6822,597.671
222,56,-82.6668,597.024
222,57,-76.1981,412.628
222,58,-85.4027,491.476
222,59,-85.3823,490.773
222,60,-86.7271,539.342
222,61,-86.7085,538.64
222,62,-82.3345,616.626
222,63,-82.3262,616.269
222,64,-82.0089,602.698
222,65,-81.9999,602.317
222,66,-81.6272,586.77
222,67,-81.6178,586.383
222,68,-86.0781,537.454
222,69,-86.0608,536.802
222,70,-91.0344,564.784
222,71,-91.0174,564.113
222,72,-46.186,56.565
222,73,-46.2954,57.0009
222,74,-72.9484,187.907
222,75,-69.1541,237.514
222,76,-86.3082,751.388
222,77,-87.8055,751.06
222,78,-93.1195,861.667
222,79,-87.5145,738.282
222,80,-87.5062,737.852
222,81,-87.4979,737.421
222,82,-86.8457,686.269
222,83,-86.8321,685.615
222,84,-101.457,1104.26
222,85,-101.448,1103.57
222,86,-101.439,1102.87
222,87,-101.43,1102.17
222,88,-105.495,1350.68
222,89,-105.488,1349.99
222,90,-92.3906,879.227
222,91,-92.3793,878.529
222,92,-87.3288,850.342
222,93,-87.317,849.636
222,94,-91.7016,609.027
222,95,-91.6879,608.44
222,96,-83.6558,617.964
222,97,-83.6437,617.441
222,98,-93.3492,1102.79
222,99,-93.3444,1102.41
222,100,-93.3396,1102.04
222,101,-93.3347,1101.67
222,102,-102.311,1165.72
222,103,-102.306,1165.33
222,104,-98.9936,1540.97
222,105,-98.9884,1540.4
222,106,-98.9831,1539.83
222,107,-98.9778,1539.26
222,108,-98.9726,1538.69
222,109,-98.6888,1508.35
222,110,-98.6834,1507.78
222,111,-97.3136,1447.72
222,112,-97.3081,1447.16
222,113,-96.4647,1515.64
222,114,-96.4598,1515.11
222,115,-96.4548,1514.59
222,116,-96.4499,1514.06
222,117,-93.528,1347.12
222,118,-93.5231,1346.66
222,119,-93.5183,1346.2
222,120,-93.5134,1345.74
222,121,-94.8093,1258.02
222,122,-94.8042,1257.56
222,123,-98.7194,1123.29
222,124,-98.7135,1122.83
222,125,-98.7077,1122.37
222,126,-98.7018,1121.91
222,127,-90.2786,995.103
222,128,-90.2716,994.609
222,129,-90.2645,994.115
222,130,-91.1719,916.762
222,131,-91.1634,916.215
222,132,-91.1549,915.669
222,133,-84.7283,886.116
222,134,-84.7192,885.549
222,135,-93.9592,879.033
222,136,-93.9491,878.412
222,137,-93.939,877.792
222,138,-93.9289,877.171
222,139,-90.068,734.015
222,140,-90.0046,883.623
222,141,-89.9936,882.942
222,142,-90.8151,935.333
222,143,-90.8051,934.682
222,144,-94.3602,904.121
222,145,-94.3502,903.49
222,146,-94.3403,902.858
222,147,-89.0726,1045.63
222,148,-89.0634,1044.96
222,149,-89.0543,1044.29
222,150,-89.0451,1043.62
222,151,-89.8687,1105.72
222,152,-89.86,1105.04
222,153,-89.8513,1104.36
222,154,-92.2125,1161.05
222,155,-92.2041,1160.37
222,156,-96.654,1355.14
222,157,-96.6469,1354.47
222,158,-97.4936,1437.38
222,159,-97.487,1436.72
222,160,-97.3065,1418.64
222,161,-97.2999,1417.98
222,162,-96.4896,1387.96
222,163,-96.4831,1387.32
222,164,-93.7471,1371.41
222,165,-93.7406,1370.78
222,166,-93.7341,1370.16
222,167,-93.7276,1369.53
222,168,-92.1814,1047.1
222,169,-92.1718,1046.39
222,170,-94.3153,1083.6
222,171,-94.3062,1082.91
222,172,-92.0425,1216.14
222,173,-92.0345,1215.45
222,174,-88.1818,1142.44
222,175,-88.173,1141.73
222,176,-96.5155,1331.67
222,177,-96.5081,1330.98
222,178,-96.5469,1471.41
222,179,-96.5401,1470.71
222,180,-100.99,1445.94
222,181,-100.983,1445.23
222,182,-92.5715,1310.08
222,183,-92.5638,1309.38
222,184,-95.2027,1206.87
222,185,-95.1943,1206.17
222,186,-96.6416,1264.07
222,187,-96.6337,1263.37
222,188,-100.67,1714.22
222,189,-100.665,1713.53
222,190,-107.116,1808.52
222,191,-107.111,1807.91
222,192,-107.106,1807.31
222,193,-101.136,1694.06
222,194,-101.13,1693.45
222,195,-102.359,1734.99
222,196,-102.354,1734.35
222,197,-102.349,1733.71
222,198,-95.1878,1747.39
222,199,-95.1823,1746.71
222,200,-95.1768,1746.04
222,201,-103.337,1647.46
222,202,-103.331,1646.8
222,203,-102.934,1601.95
222,204,-102.928,1601.29
222,205,-102.922,1600.64
222,206,-94.558,1515.88
222,207,-94.5519,1515.24
222,208,-94.5459,1514.6
222,209,-94.0066,1458.36
222,210,-94.0003,1457.71
222,211,-93.994,1457.06
222,212,-97.5009,1669.21
222,213,-97.4949,1668.51
222,214,-100.845,1451.02
222,215,-100.839,1450.42
222,216,-100.833,1449.82
222,217,-97.301,1598
222,218,-98.1031,1324.6
222,219,-98.3774,1565.06
222,220,-98.3717,1564.44
222,221,-73.9502,349.163
222,0,-66.5591,177.386
222,1,-98.2424,1409.33
222,2,-81.1885,522.123
222,3,-90.163,629.109
222,4,-95.0386,1559.37
222,5,-89.2705,1036
222,6,-99.8377,1620.19
222,7,-93.3081,1089.82
222,8,-95.0379,1380.1
222,9,-88.4068,1183.21
222,10,-93.009,1387.88
222,11,-93.9687,1324.46
222,12,-90.7641,1414.68
222,13,-99.4824,1554.78
222,14,-98.9122,1429.33
222,15,-106.268,1789.73
222,16,-96.4336,1558.6
222,17,-103.405,1869.65
222,18,-73.2991,528.566
222,19,-83.5923,473.704
222,20,-97.4871,1174.22
222,21,-96.419,1118.74
222,22,-92.3138,984.824
222,23,-95.6687,970.78
222,24,-89.3396,980.668
222,25,-95.4136,1413.76
222,26,-95.7398,1182.21
222,27,-103.707,1442.3
222,28,-95.087,1274.06
222,29,-98.0324,1353.01
222,30,-87.0891,731.262
222,31,-89.8399,1176.45
222,32,-93.6113,907.617
222,33,-92.5129,985.375
222,34,-94.0891,1251.84
222,35,-93.885,1161.42
222,36,-91.2556,1035.21
222,37,-95.1229,1117.24
222,38,-101.556,1461.19
222,39,-96.4559,1121.7
222,40,-81.6832,480.843
222,41,-93.1963,1514.55
222,42,-93.919,1236.98
222,43,-97.1415,1191.48
222,44,-91.1443,1452.93
222,45,-97.2294,1955.72
222,46,-100.705,1489.24
222,47,-89.4858,1067.99
222,48,-89.478,1067.4
222,49,-89.4702,1066.82
222,50,-89.4624,1066.24
222,51,-94.8701,998.175
222,52,-90.5282,1125.47
222,53,-90.5201,1124.83
222,54,-82.3641,659.967
222,55,-80.9512,597.671
222,56,-80.9358,597.024
222,57,-78.1216,412.628
222,58,-83.6359,491.476
222,59,-83.6155,490.773
222,60,-84.9603,539.342
222,61,-84.9417,538.64
222,62,-86.2751,616.626
222,63,-86.2669,616.269
222,64,-85.9496,602.698
222,65,-85.9405,602.317
222,66,-85.5679,586.77
222,67,-85.5585,586.383
222,68,-85.3916,537.454
222,69,-85.3743,536.802
222,70,-79.3401,564.784
222,71,-79.3232,564.113
222,72,-50.181,56.565
222,73,-50.2904,57.0009
222,74,-67.3802,187.907
222,75,-75.1087,237.514
222,76,-88.7906,751.388
222,77,-80.1771,751.06
222,78,-86.2863,861.667
222,79,-87.2252,738.282
222,80,-87.2169,737.852
222,81,-87.2086,737.421
222,82,-91.4023,686.269
222,83,-91.3887,685.615
222,84,-94.2797,1104.26
222,85,-94.2707,1103.57
222,86,-94.2617,1102.87
222,87,-94.2527,1102.17
222,88,-94.3112,1350.68
222,89,-94.3039,1349.99
222,90,-94.3578,879.227
222,91,-94.3465,878.529
222,92,-93.5561,850.342
222,93,-93.5442,849.636
222,94,-83.7928,609.027
222,95,-83.779,608.44
222,96,-86.195,617.964
222,97,-86.1829,617.441
222,98,-93.2381,1102.79
222,99,-93.2333,1102.41
222,100,-93.2284,1102.04
222,101,-93.2236,1101.67
222,102,-93.5968,1165.72
222,103,-93.592,1165.33
222,104,-93.4427,1540.97
222,105,-93.4375,1540.4
222,106,-93.4322,1539.83
222,107,-93.4269,1539.26
222,108,-93.4217,1538.69
222,109,-93.1379,1508.35
222,110,-93.1325,1507.78
222,111,-102.21,1447.72
222,112,-102.204,1447.16
222,113,-99.8789,1515.64
222,114,-99.874,1515.11
222,115,-99.8691,1514.59
222,116,-99.8641,1514.06
222,117,-101.316,1347.12
222,118,-101.311,1346.66
222,119,-101.306,1346.2
222,120,-101.301,1345.74
222,121,-94.425,1258.02
222,122,-94.4198,1257.56
222,123,-89.1811,1123.29
222,124,-89.1752,1122.83
222,125,-89.1694,1122.37
222,126,-89.1635,1121.91
222,127,-92.3302,995.103
222,128,-92.3232,994.609
222,129,-92.3161,994.115
222,130,-90.034,916.762
222,131,-90.0254,916.215
222,132,-90.0169,915.669
222,133,-90.9999,886.116
222,134,-90.9907,885.549
222,135,-89.8427,879.033
222,136,-89.8327,878.412
222,137,-89.8226,877.792
222,138,-89.8125,877.171
222,139,-89.8169,734.015
222,140,-101.123,883.623
222,141,-101.112,882.942
222,142,-101.933,935.333
222,143,-101.923,934.682
222,144,-90.2438,904.121
222,145,-90.2338,903.49
222,146,-90.2238,902.858
222,147,-90.4552,1045.63
222,148,-90.446,1044.96
222,149,-90.4369,1044.29
222,150,-90.4277,1043.62
222,151,-91.2514,1105.72
222,152,-91.2426,1105.04
222,153,-91.2339,1104.36
222,154,-97.3263,1161.05
222,155,-97.318,1160.37
222,156,-94.1916,1355.14
222,157,-94.1845,1354.47
222,158,-95.0312,1437.38
222,159,-95.0246,1436.72
222,160,-94.8442,1418.64
222,161,-94.8376,1417.98
222,162,-98.3959,1387.96
222,163,-98.3893,1387.32
222,164,-96.5951,1371.41
222,165,-96.5886,1370.78
222,166,-96.5821,1370.16
222,167,-96.5756,1369.53
222,168,-91.8164,1047.1
222,169,-91.8068,1046.39
222,170,-93.2266,1083.6
222,171,-93.2175,1082.91
222,172,-96.1429,1216.14
222,173,-96.1349,1215.45
222,174,-95.9044,1142.44
222,175,-95.8956,1141.73
222,176,-101.965,1331.67
222,177,-101.957,1330.98
222,178,-101.655,1471.41
222,179,-101.648,1470.71
222,180,-91.0756,1445.94
222,181,-91.0686,1445.23
222,182,-95.7925,1310.08
222,183,-95.7848,1309.38
222,184,-97.3244,1206.87
222,185,-97.3161,1206.17
222,186,-94.2277,1264.07
222,187,-94.2198,1263.37
222,188,-100.443,1714.22
222,189,-100.438,1713.53
222,190,-99.5164,1808.52
222,191,-99.5116,1807.91
222,192,-99.5069,1807.31
222,193,-100.473,1694.06
222,194,-100.468,1693.45
222,195,-105.148,1734.99
222,196,-105.143,1734.35
222,197,-105.138,1733.71
222,198,-102.749,1747.39
222,199,-102.743,1746.71
222,200,-102.738,1746.04
222,201,-96.0454,1647.46
222,202,-96.0396,1646.8
222,203,-98.2521,1601.95
222,204,-98.2462,1601.29
222,205,-98.2404,1600.64
222,206,-100.957,1515.88
222,207,-100.951,1515.24
222,208,-100.945,1514.6
222,209,-100.406,1458.36
222,210,-100.4,1457.71
222,211,-100.393,1457.06
222,212,-99.3069,1669.21
222,213,-99.3009,1668.51
222,214,-99.1269,1451.02
222,215,-99.121,1450.42
222,216,-99.1151,1449.82
222,217,-100.053,1598
222,218,-96.0865,1324.6
222,219,-95.0904,1565.06
222,220,-95.0848,1564.44
222,221,-71.8111,349.163
222,0,-61.7127,177.386
222,1,-94.4095,1409.33
222,2,-84.0153,522.123
222,3,-81.4984,629.109
222,4,-102.373,1559.37
222,5,-96.1987,1036
222,6,-105.087,1620.19
222,7,-92.385,1089.82
222,8,-94.8675,1380.1
222,9,-92.2498,1183.21
222,10,-99.8553,1387.88
222,11,-98.0811,1324.46
222,12,-95.445,1414.68
222,13,-97.1808,1554.78
222,14,-94.5264,1429.33
222,15,-104.219,1789.73
222,16,-100.408,1558.6
222,17,-102.501,1869.65
222,18,-83.8306,528.566
222,19,-81.6247,473.704
222,20,-92.3516,1174.22
222,21,-88.5379,1118.74
222,22,-89.2939,984.824
222,23,-98.0412,970.78
222,24,-88.1291,980.668
222,25,-100.943,1413.76
222,26,-95.8274,1182.21
222,27,-96.6068,1442.3
222,28,-100.359,1274.06
222,29,-91.6116,1353.01
222,30,-88.7223,731.262
222,31,-94.3877,1176.45
222,32,-90.3028,907.617
222,33,-95.684,985.375
222,34,-99.0731,1251.84
222,35,-98.0953,1161.42
222,36,-89.6366,1035.21
222,37,-96.4529,1117.24
222,38,-103.642,1461.19
222,39,-92.4331,1121.7
222,40,-79.1956,480.843
222,41,-96.3082,1514.55
222,42,-98.9029,1236.98
222,43,-94.1199,1191.48
222,44,-95.8252,1452.93
222,45,-97.8713,1955.72
222,46,-101.584,1489.24
222,47,-89.3498,1067.99
222,48,-89.342,1067.4
222,49,-89.3342,1066.82
222,50,-89.3264,1066.24
222,51,-90.7346,998.175
222,52,-100.975,1125.47
222,53,-100.967,1124.83
222,54,-85.6505,659.967
222,55,-84.2376,597.671
222,56,-84.2222,597.024
222,57,-81.4966,412.628
222,58,-87.0719,491.476
222,59,-87.0515,490.773
222,60,-88.3963,539.342
222,61,-88.3778,538.64
222,62,-88.8521,616.626
222,63,-88.8439,616.269
222,64,-88.5266,602.698
222,65,-88.5175,602.317
222,66,-88.1449,586.77
222,67,-88.1355,586.383
222,68,-83.424,537.454
222,69,-83.4067,536.802
222,70,-89.4174,564.784
222,71,-89.4005,564.113
222,72,-52.8903,56.565
222,73,-52.9997,57.0009
222,74,-62.5338,187.907
222,75,-78.875,237.514
222,76,-91.7884,751.388
222,77,-85.0145,751.06
222,78,-84.3323,861.667
222,79,-88.8584,738.282
222,80,-88.8501,737.852
222,81,-88.8418,737.421
222,82,-82.7377,686.269
222,83,-82.7241,685.615
222,84,-97.37,1104.26
222,85,-97.361,1103.57
222,86,-97.352,1102.87
222,87,-97.343,1102.17
222,88,-94.3128,1350.68
222,89,-94.3054,1349.99
222,90,-91.4179,879.227
222,91,-91.4066,878.529
222,92,-89.032,850.342
222,93,-89.0202,849.636
222,94,-87.7656,609.027
222,95,-87.7519,608.44
222,96,-87.7066,617.964
222,97,-87.6945,617.441
222,98,-98.7499,1102.79
222,99,-98.7451,1102.41
222,100,-98.7402,1102.04
222,101,-98.7354,1101.67
222,102,-94.5712,1165.72
222,103,-94.5664,1165.33
222,104,-96.5546,1540.97
222,105,-96.5493,1540.4
222,106,-96.544,1539.83
222,107,-96.5388,1539.26
222,108,-96.5335,1538.69
222,109,-96.2497,1508.35
222,110,-96.2443,1507.78
222,111,-99.7097,1447.72
222,112,-99.7042,1447.16
222,113,-103.438,1515.64
222,114,-103.433,1515.11
222,115,-103.428,1514.59
222,116,-103.423,1514.06
222,117,-92.8072,1347.12
222,118,-92.8024,1346.66
222,119,-92.7975,1346.2
222,120,-92.7926,1345.74
222,121,-95.898,1258.02
222,122,-95.8928,1257.56
222,123,-93.7288,1123.29
222,124,-93.723,1122.83
222,125,-93.7171,1122.37
222,126,-93.7113,1121.91
222,127,-89.161,995.103
222,128,-89.1539,994.609
222,129,-89.1469,994.115
222,130,-87.1815,916.762
222,131,-87.173,916.215
222,132,-87.1645,915.669
222,133,-94.171,886.116
222,134,-94.1619,885.549
222,135,-90.6774,879.033
222,136,-90.6674,878.412
222,137,-90.6573,877.792
222,138,-90.6472,877.171
222,139,-88.5231,734.015
222,140,-92.9305,883.623
222,141,-92.9195,882.942
222,142,-93.7409,935.333
222,143,-93.731,934.682
222,144,-91.0785,904.121
222,145,-91.0685,903.49
222,146,-91.0585,902.858
222,147,-95.9591,1045.63
222,148,-95.95,1044.96
222,149,-95.9408,1044.29
222,150,-95.9317,1043.62
222,151,-96.7553,1105.72
222,152,-96.7466,1105.04
222,153,-96.7378,1104.36
222,154,-92.1908,1161.05
222,155,-92.1824,1160.37
222,156,-92.9539,1355.14
222,157,-92.9468,1354.47
222,158,-93.7936,1437.38
222,159,-93.7869,1436.72
222,160,-93.6065,1418.64
222,161,-93.5999,1417.98
222,162,-91.975,1387.96
222,163,-91.9685,1387.32
222,164,-94.0102,1371.41
222,165,-94.0037,1370.78
222,166,-93.9972,1370.16
222,167,-93.9907,1369.53
222,168,-91.8088,1047.1
222,169,-91.7992,1046.39
222,170,-92.3035,1083.6
222,171,-92.2944,1082.91
222,172,-96.2305,1216.14
222,173,-96.2225,1215.45
222,174,-94.3559,1142.44
222,175,-94.3471,1141.73
222,176,-98.6292,1331.67
222,177,-98.6218,1330.98
222,178,-103.741,1471.41
222,179,-103.735,1470.71
222,180,-95.7564,1445.94
222,181,-95.7495,1445.23
222,182,-99.9998,1310.08
222,183,-99.9921,1309.38
222,184,-94.3028,1206.87
222,185,-94.2945,1206.17
222,186,-99.2116,1264.07
222,187,-99.2038,1263.37
222,188,-96.3131,1714.22
222,189,-96.3073,1713.53
222,190,-98.0466,1808.52
222,191,-98.0418,1807.91
222,192,-98.037,1807.31
222,193,-105.722,1694.06
222,194,-105.717,1693.45
222,195,-94.7939,1734.99
222,196,-94.7886,1734.35
222,197,-94.7833,1733.71
222,198,-97.6376,1747.39
222,199,-97.6321,1746.71
222,200,-97.6266,1746.04
222,201,-100.837,1647.46
222,202,-100.832,1646.8
222,203,-100.731,1601.95
222,204,-100.726,1601.29
222,205,-100.72,1600.64
222,206,-101.837,1515.88
222,207,-101.831,1515.24
222,208,-101.825,1514.6
222,209,-101.286,1458.36
222,210,-101.279,1457.71
222,211,-101.273,1457.06
222,212,-103.293,1669.21
222,213,-103.287,1668.51
222,214,-94.741,1451.02
222,215,-94.7351,1450.42
222,216,-94.7292,1449.82
222,217,-94.9876,1598
222,218,-101.451,1324.6
222,219,-102.425,1565.06
222,220,-102.419,1564.44
222,221,-70.4826,349.163
