372,0,-69.9475,177.386
372,1,-107.806,1409.33
372,2,-82.7321,522.123
372,3,-82.2127,629.109
372,4,-96.5859,1559.37
372,5,-92.7613,1036
372,6,-97.8014,1620.19
372,7,-97.556,1089.82
372,8,-99.1674,1380.1
372,9,-101.246,1183.21
372,10,-98.5762,1387.88
372,11,-92.4277,1324.46
372,12,-97.418,1414.68
372,13,-101.91,1554.78
372,14,-102.214,1429.33
372,15,-101.764,1789.73
372,16,-102.76,1558.6
372,17,-94.6596,1869.65
372,18,-80.8312,528.566
372,19,-81.054,473.704
372,20,-100.304,1174.22
372,21,-95.5612,1118.74
372,22,-86.8646,984.824
372,23,-96.0375,970.78
372,24,-88.0538,980.668
372,25,-94.9479,1413.76
372,26,-95.0008,1182.21
372,27,-100.406,1442.3
372,28,-97.8999,1274.06
372,29,-95.4757,1353.01
372,30,-84.7967,731.262
372,31,-102.212,1176.45
372,32,-86.9785,907.617
372,33,-92.8332,985.375
372,34,-100.159,1251.84
372,35,-96.7304,1161.42
372,36,-95.5213,1035.21
372,37,-92.59,1117.24
372,38,-94.1192,1461.19
372,39,-87.9571,1121.7
372,40,-79.7021,480.843
372,41,-94.2592,1514.55
372,42,-99.9889,1236.98
372,43,-97.248,1191.48
372,44,-97.7983,1452.93
372,45,-105.734,1955.72
372,46,-93.7707,1489.24
372,47,-95.2393,1067.99
372,48,-95.2315,1067.4
372,49,-95.2236,1066.82
372,50,-95.2158,1066.24
372,51,-96.3792,998.175
372,52,-95.5919,1125.47
372,53,-95.5839,1124.83
372,54,-85.1178,659.967
372,55,-83.7049,597.671
372,56,-83.6895,597.024
372,57,-78.1918,412.628
372,58,-82.3678,491.476
372,59,-82.3474,490.773
372,60,-83.6922,539.342
372,61,-83.6736,538.64
372,62,-85.9844,616.626
372,63,-85.9762,616.269
372,64,-85.6589,602.698
372,65,-85.6499,602.317
372,66,-85.2772,586.77
372,67,-85.2678,586.383
372,68,-82.8533,537.454
372,69,-82.836,536.802
372,70,-80.0773,564.784
372,71,-80.0604,564.113
372,72,-47.6972,56.565
372,73,-47.8066,57.0009
372,74,-70.7686,187.907
372,75,-68.4873,237.514
372,76,-88.8166,751.388
372,77,-83.9486,751.06
372,78,-93.571,861.667
372,79,-84.9329,738.282
372,80,-84.9246,737.852
372,81,-84.9163,737.421
372,82,-83.452,686.269
372,83,-83.4384,685.615
372,84,-90.1099,1104.26
372,85,-90.1009,1103.57
372,86,-90.0919,1102.87
372,87,-90.0829,1102.17
372,88,-99.6767,1350.68
372,89,-99.6694,1349.99
372,90,-90.7256,879.227
372,91,-90.7143,878.529
372,92,-89.175,850.342
372,93,-89.1632,849.636
372,94,-91.4773,609.027
372,95,-91.4635,608.44
372,96,-86.9678,617.964
372,97,-86.9557,617.441
372,98,-93.6705,1102.79
372,99,-93.6656,1102.41
372,100,-93.6608,1102.04
372,101,-93.656,1101.67
372,102,-98.0412,1165.72
372,103,-98.0364,1165.33
372,104,-94.5056,1540.97
372,105,-94.5003,1540.4
372,106,-94.495,1539.83
372,107,-94.4898,1539.26
372,108,-94.4845,1538.69
372,109,-94.2007,1508.35
372,110,-94.1953,1507.78
372,111,-97.9191,1447.72
372,112,-97.9136,1447.16
372,113,-100.56,1515.64
372,114,-100.555,1515.11
372,115,-100.55,1514.59
372,116,-100.545,1514.06
372,117,-99.5389,1347.12
372,118,-99.534,1346.66
372,119,-99.5291,1346.2
372,120,-99.5243,1345.74
372,121,-100.826,1258.02
372,122,-100.821,1257.56
372,123,-101.554,1123.29
372,124,-101.548,1122.83
372,125,-101.542,1122.37
372,126,-101.536,1121.91
372,127,-96.6051,995.103
372,128,-96.598,994.609
372,129,-96.5909,994.115
372,130,-91.2168,916.762
372,131,-91.2083,916.215
372,132,-91.1998,915.669
372,133,-91.3202,886.116
372,134,-91.311,885.549
372,135,-88.8908,879.033
372,136,-88.8808,878.412
372,137,-88.8707,877.792
372,138,-88.8606,877.171
372,139,-87.6584,734.015
372,140,-86.6907,883.623
372,141,-86.6797,882.942
372,142,-87.5011,935.333
372,143,-87.4912,934.682
372,144,-89.2919,904.121
372,145,-89.2819,903.49
372,146,-89.2719,902.858
372,147,-97.5719,1045.63
372,148,-97.5627,1044.96
372,149,-97.5536,1044.29
372,150,-97.5444,1043.62
372,151,-98.3681,1105.72
372,152,-98.3593,1105.04
372,153,-98.3506,1104.36
372,154,-100.143,1161.05
372,155,-100.135,1160.37
372,156,-97.1233,1355.14
372,157,-97.1162,1354.47
372,158,-97.9629,1437.38
372,159,-97.9563,1436.72
372,160,-97.7758,1418.64
372,161,-97.7693,1417.98
372,162,-95.8391,1387.96
372,163,-95.8326,1387.32
372,164,-91.3257,1371.41
372,165,-91.3192,1370.78
372,166,-91.3127,1370.16
372,167,-91.3062,1369.53
372,168,-94.9156,1047.1
372,169,-94.906,1046.39
372,170,-97.4745,1083.6
372,171,-97.4653,1082.91
372,172,-95.4039,1216.14
372,173,-95.3959,1215.45
372,174,-101.591,1142.44
372,175,-101.582,1141.73
372,176,-100.708,1331.67
372,177,-100.701,1330.98
372,178,-94.2185,1471.41
372,179,-94.2118,1470.71
372,180,-97.7295,1445.94
372,181,-97.7225,1445.23
372,182,-94.3969,1310.08
372,183,-94.3893,1309.38
372,184,-97.4309,1206.87
372,185,-97.4226,1206.17
372,186,-100.298,1264.07
372,187,-100.29,1263.37
372,188,-100.403,1714.22
372,189,-100.397,1713.53
372,190,-103.298,1808.52
372,191,-103.294,1807.91
372,192,-103.289,1807.31
372,193,-98.4367,1694.06
372,194,-98.4315,1693.45
372,195,-100.625,1734.99
372,196,-100.619,1734.35
372,197,-100.614,1733.71
372,198,-105.377,1747.39
372,199,-105.371,1746.71
372,200,-105.366,1746.04
372,201,-99.9846,1647.46
372,202,-99.9789,1646.8
372,203,-101.976,1601.95
372,204,-101.97,1601.29
372,205,-101.964,1600.64
372,206,-94.0234,1515.88
372,207,-94.0174,1515.24
372,208,-94.0114,1514.6
372,209,-93.4721,1458.36
372,210,-93.4658,1457.71
372,211,-93.4594,1457.06
372,212,-103.317,1669.21
372,213,-103.311,1668.51
372,214,-102.428,1451.02
372,215,-102.422,1450.42
372,216,-102.416,1449.82
372,217,-99.6373,1598
372,218,-98.1824,1324.6
372,219,-96.6378,1565.06
372,220,-96.6321,1564.44
372,221,-74.1593,349.163
372,222,-79.2698,612.122
372,223,-100.996,1601.06
372,224,-93.0582,796.106
372,225,-101.356,1735.26
372,226,-99.6439,1598.74
372,227,-94.419,1492.26
372,228,-92.9828,762.32
372,229,-63.5484,177.074
372,230,-96.5755,1064.57
372,231,-101.819,1544.81
372,232,-85.2662,813.626
372,233,-95.0856,1316.47
372,234,-99.9193,1563.65
372,235,-87.0511,970.864
372,236,-98.3284,1363.95
372,237,-102.914,2319.23
372,238,-97.9177,2315.87
372,239,-101.413,2070.17
372,240,-89.19,836.127
372,241,-96.2948,988.469
372,242,-102.183,1426.24
372,243,-95.0995,1005.02
372,244,-101.028,1708.44
372,245,-91.5473,1336.63
372,246,-82.9618,435.91
372,247,-93.4775,884.684
372,248,-91.4403,1247.76
372,249,-83.132,699.254
372,250,-100.573,2089.84
372,251,-82.3791,461.535
372,252,-93.6546,1451.64
372,253,-96.7042,1205.24
372,254,-100.176,1408.76
372,255,-99.0507,1679.76
372,256,-96.1155,1687.89
372,257,-99.884,2115.62
372,258,-100.286,2337.51
372,259,-91.702,910.182
372,260,-102.028,1623.97
372,261,-101.809,1599.2
372,262,-90.4868,792.455
372,263,-102.713,1553.44
372,264,-100.533,1455.17
372,265,-105.689,1503.93
372,266,-82.8407,666.254
372,267,-105.453,1697.24
372,268,-95.0411,1920.37
372,269,-97.8304,1033.07
372,270,-90.3087,1028.18
372,271,-99.5031,1343.74
372,272,-103.29,1915.96
372,273,-97.5725,1055.69
372,274,-98.0848,1476.49
372,275,-98.2714,1454.51
372,276,-93.219,1069.81
372,277,-103.501,1730.84
372,278,-106.759,2511.16
372,279,-104.934,2051.34
372,280,-104.034,1495.78
372,281,-95.6288,946.977
372,282,-102.447,2114.88
372,283,-90.7593,1334.05
372,284,-95.5518,1622.43
372,285,-92.2949,1722.86
372,286,-94.1252,1559.94
372,287,-105.539,2142.77
372,288,-101.767,1790.07
372,289,-103.429,2017.93
372,290,-105.66,2161.06
372,291,-100.706,1453.75
372,292,-100.707,1707.89
372,293,-82.6453,738.311
372,294,-90.8156,770.342
372,295,-84.5433,665.855
372,296,-74.8525,309.422
372,297,-103.011,1863.59
372,298,-81.6773,763.102
372,299,-103.24,2234.26
372,300,-105.147,1922.79
372,301,-74.4454,356.243
372,302,-91.5475,938.284
372,303,-94.507,1271.76
372,304,-80.7425,591.772
372,305,-95.9162,1437.26
372,306,-74.6914,305.072
372,307,-100.855,1220.51
372,308,-102.059,1339.98
372,309,-105.687,2164.02
372,310,-95.1251,2124.58
372,311,-107.915,2462.36
372,312,-96.2745,1832.95
372,313,-95.7681,1422.4
372,314,-106.438,2268.56
372,315,-85.0832,658.366
372,316,-105.884,1618.32
372,317,-99.1792,1484.51
372,318,-102.116,1991.97
372,319,-97.2551,1166.55
372,320,-100.831,1760.3
372,321,-106.47,2177.53
372,322,-82.7424,675.972
372,323,-98.0413,1127.57
372,324,-97.2076,1484.67
372,325,-92.7155,1135.04
372,326,-101.838,1697.01
372,327,-97.6473,1758.56
372,328,-73.3815,187.998
372,329,-103.211,1891.43
372,330,-85.2527,731.175
372,331,-84.2284,646.699
372,332,-97.6519,1583.55
372,333,-99.9172,1303.55
372,334,-110.184,2366.91
372,335,-79.684,420.818
372,336,-92.5397,1334.9
372,337,-102.878,2035.34
372,338,-104.724,1866.56
372,339,-96.3846,1198.55
372,340,-101.218,1652.09
372,341,-98.691,1586.48
372,342,-91.8803,1186.21
372,343,-92.9901,1420.38
372,344,-99.858,1351.68
372,345,-82.2949,545.779
372,346,-99.3004,2047.71
372,347,-99.1272,1268.66
372,348,-93.7076,1443.94
372,349,-60.6882,90.0298
372,350,-82.9825,1038.1
372,351,-96.9194,1628.45
372,352,-61.6074,154.526
372,353,-99.9234,2091.93
372,354,-99.263,2368.33
372,355,-92.1652,768.083
372,356,-93.2337,1434.17
372,357,-92.6289,971.347
372,358,-106.973,2549.13
372,359,-109.745,2399.43
372,360,-101.913,1854.74
372,361,-101.024,1981.51
372,362,-92.8857,948.883
372,363,-106.66,1826.12
372,364,-106.762,2172.55
372,365,-79.7095,639.879
372,366,-93.0428,959.403
372,367,-78.8056,381.823
372,368,-102.604,1722.46
372,369,-79.3848,426.698
372,370,-99.4246,1336.36
372,371,-101.472,1753.34
372,0,-70.8712,177.386
372,1,-90.5518,1409.33
372,2,-79.7402,522.123
372,3,-86.1377,629.109
372,4,-100.438,1559.37
372,5,-95.9816,1036
372,6,-94.8796,1620.19
372,7,-97.0256,1089.82
372,8,-98.7516,1380.1
372,9,-100.133,1183.21
372,10,-97.4725,1387.88
372,11,-99.2304,1324.46
372,12,-97.7217,1414.68
372,13,-96.6414,1554.78
372,14,-101.812,1429.33
372,15,-104.48,1789.73
372,16,-97.7221,1558.6
372,17,-105.023,1869.65
372,18,-82.446,528.566
372,19,-83.4691,473.704
372,20,-96.3261,1174.22
372,21,-96.1397,1118.74
372,22,-93.2841,984.824
372,23,-88.5113,970.78
372,24,-94.7483,980.668
372,25,-102.663,1413.76
372,26,-87.9584,1182.21
372,27,-93.4918,1442.3
372,28,-93.1847,1274.06
372,29,-96.954,1353.01
372,30,-82.5776,731.262
372,31,-100.229,1176.45
372,32,-88.9607,907.617
372,33,-92.7099,985.375
372,34,-98.2799,1251.84
372,35,-96.3483,1161.42
372,36,-92.8765,1035.21
372,37,-93.1328,1117.24
372,38,-94.0653,1461.19
372,39,-94.5286,1121.7
372,40,-84.7758,480.843
372,41,-98.6018,1514.55
372,42,-98.1098,1236.98
372,43,-102.44,1191.48
372,44,-98.1019,1452.93
372,45,-97.4384,1955.72
372,46,-105.418,1489.24
372,47,-94.9165,1067.99
372,48,-94.9087,1067.4
372,49,-94.9009,1066.82
372,50,-94.893,1066.24
372,51,-89.7303,998.175
372,52,-91.143,1125.47
372,53,-91.1349,1124.83
372,54,-87.9538,659.967
372,55,-86.5409,597.671
372,56,-86.5255,597.024
372,57,-78.7729,412.628
372,58,-82.7879,491.476
372,59,-82.7675,490.773
372,60,-84.1123,539.342
372,61,-84.0937,538.64
372,62,-91.7571,616.626
372,63,-91.7488,616.269
372,64,-91.4315,602.698
372,65,-91.4225,602.317
372,66,-91.0498,586.77
372,67,-91.0404,586.383
372,68,-85.2684,537.454
372,69,-85.2511,536.802
372,70,-83.8199,564.784
372,71,-83.803,564.113
372,72,-52.506,56.565
372,73,-52.6154,57.0009
372,74,-71.6923,187.907
372,75,-71.7767,237.514
372,76,-90.8857,751.388
372,77,-86.5081,751.06
372,78,-87.7099,861.667
372,79,-82.7138,738.282
372,80,-82.7054,737.852
372,81,-82.6971,737.421
372,82,-87.377,686.269
372,83,-87.3634,685.615
372,84,-95.9349,1104.26
372,85,-95.9259,1103.57
372,86,-95.9169,1102.87
372,87,-95.9079,1102.17
372,88,-101.093,1350.68
372,89,-101.086,1349.99
372,90,-96.894,879.227
372,91,-96.8827,878.529
372,92,-84.8364,850.342
372,93,-84.8246,849.636
372,94,-82.495,609.027
372,95,-82.4812,608.44
372,96,-83.2241,617.964
372,97,-83.2121,617.441
372,98,-93.2249,1102.79
372,99,-93.22,1102.41
372,100,-93.2152,1102.04
372,101,-93.2104,1101.67
372,102,-91.4526,1165.72
372,103,-91.4478,1165.33
372,104,-98.8482,1540.97
372,105,-98.8429,1540.4
372,106,-98.8377,1539.83
372,107,-98.8324,1539.26
372,108,-98.8271,1538.69
372,109,-98.5434,1508.35
372,110,-98.5379,1507.78
372,111,-95.1985,1447.72
372,112,-95.193,1447.16
372,113,-97.1818,1515.64
372,114,-97.1769,1515.11
372,115,-97.172,1514.59
372,116,-97.167,1514.06
372,117,-95.4391,1347.12
372,118,-95.4342,1346.66
372,119,-95.4293,1346.2
372,120,-95.4245,1345.74
372,121,-98.0331,1258.02
372,122,-98.0279,1257.56
372,123,-99.5697,1123.29
372,124,-99.5638,1122.83
372,125,-99.558,1122.37
372,126,-99.5521,1121.91
372,127,-92.9419,995.103
372,128,-92.9348,994.609
372,129,-92.9278,994.115
372,130,-89.3683,916.762
372,131,-89.3598,916.215
372,132,-89.3513,915.669
372,133,-91.1969,886.116
372,134,-91.1877,885.549
372,135,-88.8041,879.033
372,136,-88.7941,878.412
372,137,-88.784,877.792
372,138,-88.7739,877.171
372,139,-87.9811,734.015
372,140,-92.521,883.623
372,141,-92.5101,882.942
372,142,-93.3315,935.333
372,143,-93.3216,934.682
372,144,-89.2052,904.121
372,145,-89.1952,903.49
372,146,-89.1852,902.858
372,147,-90.6391,1045.63
372,148,-90.63,1044.96
372,149,-90.6208,1044.29
372,150,-90.6117,1043.62
372,151,-91.4353,1105.72
372,152,-91.4266,1105.04
372,153,-91.4178,1104.36
372,154,-96.1653,1161.05
372,155,-96.1569,1160.37
372,156,-96.1971,1355.14
372,157,-96.1901,1354.47
372,158,-97.0368,1437.38
372,159,-97.0302,1436.72
372,160,-96.8497,1418.64
372,161,-96.8431,1417.98
372,162,-97.3174,1387.96
372,163,-97.3108,1387.32
372,164,-96.3105,1371.41
372,165,-96.304,1370.78
372,166,-96.2975,1370.16
372,167,-96.291,1369.53
372,168,-97.1643,1047.1
372,169,-97.1546,1046.39
372,170,-96.9441,1083.6
372,171,-96.9349,1082.91
372,172,-88.3616,1216.14
372,173,-88.3536,1215.45
372,174,-94.0654,1142.44
372,175,-94.0565,1141.73
372,176,-101.778,1331.67
372,177,-101.771,1330.98
372,178,-94.1647,1471.41
372,179,-94.1579,1470.71
372,180,-98.0331,1445.94
372,181,-98.0261,1445.23
372,182,-99.842,1310.08
372,183,-99.8343,1309.38
372,184,-102.623,1206.87
372,185,-102.615,1206.17
372,186,-98.4185,1264.07
372,187,-98.4106,1263.37
372,188,-102.312,1714.22
372,189,-102.307,1713.53
372,190,-102.224,1808.52
372,191,-102.219,1807.91
372,192,-102.214,1807.31
372,193,-95.5149,1694.06
372,194,-95.5098,1693.45
372,195,-102.903,1734.99
372,196,-102.897,1734.35
372,197,-102.892,1733.71
372,198,-98.2814,1747.39
372,199,-98.2759,1746.71
372,200,-98.2704,1746.04
372,201,-95.9886,1647.46
372,202,-95.9829,1646.8
372,203,-99.2892,1601.95
372,204,-99.2834,1601.29
372,205,-99.2776,1600.64
372,206,-105.671,1515.88
372,207,-105.665,1515.24
372,208,-105.659,1514.6
372,209,-105.12,1458.36
372,210,-105.113,1457.71
372,211,-105.107,1457.06
372,212,-103.144,1669.21
372,213,-103.138,1668.51
372,214,-102.026,1451.02
372,215,-102.02,1450.42
372,216,-102.015,1449.82
372,217,-96.9326,1598
372,218,-99.8761,1324.6
372,219,-100.49,1565.06
372,220,-100.484,1564.44
372,221,-73.252,349.163
372,222,-90.6298,1143.19
372,223,-102.166,2101.98
372,224,-98.6935,1696.33
372,225,-90.2615,976.065
372,226,-99.6096,1300.06
372,227,-102.182,1595.2
372,228,-101.435,1392.09
372,229,-89.5565,905.299
372,230,-90.7851,696.737
372,231,-100.552,1945.84
372,232,-92.106,899.519
372,233,-98.6605,1024.13
372,234,-96.4532,1689.07
372,235,-68.4381,258.182
372,236,-84.119,478.264
372,237,-94.0254,1129.74
372,238,-92.6829,1061.64
372,239,-105.323,2231.6
372,240,-85.5437,893.612
372,241,-90.1736,962.147
372,242,-100.544,1571.01
372,243,-98.8378,1655.58
372,244,-100.006,1933.88
372,245,-81.7371,651.882
372,246,-107.837,2572.67
372,247,-105.313,2358.99
372,248,-81.5254,516.29
372,249,-99.5431,1449.49
372,250,-89.2002,667.571
372,251,-75.6797,334.206
372,252,-105.083,2023.89
372,253,-74.0366,300.368
372,254,-99.8546,1436.49
372,255,-95.9538,1643.44
372,256,-71.9689,257.589
372,257,-87.7965,1125.22
372,258,-98.3362,1313
372,259,-94.0694,1133.24
372,260,-97.8971,1438.88
372,261,-93.3604,1024.76
372,262,-82.6862,526.712
372,263,-98.2559,1589.34
372,264,-107.985,2075.78
372,265,-97.4025,1674.77
372,266,-79.8786,472.703
372,267,-72.4754,228.226
372,268,-82.9514,529.519
372,269,-86.3737,597.183
372,270,-104.967,2132.47
372,271,-99.6335,1583.79
372,272,-93.5557,728.438
372,273,-96.6412,1323.64
372,274,-100.808,1600.43
372,275,-83.8322,428.819
372,276,-105.008,2110.46
372,277,-102.377,1652.55
372,278,-99.9459,1297.78
372,279,-91.8334,748.873
372,280,-103.276,1845.43
372,281,-105.483,1930.94
372,282,-101.312,1371.57
372,283,-88.6267,566.552
372,284,-99.0385,1907.97
372,285,-104.348,2111.54
372,286,-106.477,2167.1
372,287,-96.9717,1544.27
372,288,-66.2165,175.865
372,289,-101.164,1439.63
372,290,-84.5739,823.053
372,291,-90.7478,1428.85
372,292,-96.963,1353.86
372,293,-103.704,1828.29
372,294,-99.6546,2213.6
372,295,-88.5426,780.349
372,296,-103.084,2429.31
372,297,-90.3418,1415.55
372,298,-67.7194,360.329
372,299,-96.1663,1052.08
372,300,-95.9439,1717.03
372,301,-72.1171,200.661
372,302,-99.6883,2105.3
372,303,-88.7305,915.704
372,304,-98.7553,1208.66
372,305,-101.081,2171.69
372,306,-90.3757,832.559
372,307,-104.542,1884.66
372,308,-100.469,1292.85
372,309,-95.709,1066.17
372,310,-93.1982,817.006
372,311,-105.566,2025.14
372,312,-101.093,1761.27
372,313,-104.068,1759.11
372,314,-91.3534,1041.52
372,315,-104.121,1823.97
372,316,-93.805,1066.17
372,317,-104.887,2303.79
372,318,-67.72,142.195
372,319,-87.3703,661.88
372,320,-97.4937,983.28
372,321,-101.665,2117.48
372,322,-76.0576,211.83
372,323,-99.893,1942.94
372,324,-92.1304,946.108
372,325,-89.4595,899.156
372,326,-97.9341,1566.57
372,327,-100.146,1548.91
372,328,-110.307,2507.01
372,329,-103.928,1741.91
372,330,-99.2671,1378.47
372,331,-100.201,1522.32
372,332,-100.176,1395.14
372,333,-93.0411,938.517
372,334,-90.909,702.821
372,335,-84.3615,544.889
372,336,-96.5312,1542.8
372,337,-102.484,1249.07
372,338,-87.3352,690.405
372,339,-90.699,1148.76
372,340,-105.149,2131.46
372,341,-82.0238,436.071
372,342,-89.36,578.312
372,343,-99.5422,1573.67
372,344,-97.7228,2144.13
372,345,-82.7684,524.612
372,346,-58.7898,111.831
372,347,-106.016,2020.09
372,348,-96.5606,1017.06
372,349,-106.522,2120.13
372,350,-102.523,1571.21
372,351,-97.5907,1689.11
372,352,-104.895,1909.1
372,353,-96.1195,974.348
372,354,-72.6847,306.13
372,355,-98.5058,1418.85
372,356,-79.9438,382.556
372,357,-92.8241,1603.93
372,358,-97.3657,1294.76
372,359,-98.5648,1735.61
372,360,-97.9557,1834.06
372,361,-103.547,1802.91
372,362,-93.7834,1055.63
372,363,-88.5453,902.956
372,364,-102.543,1673.82
372,365,-100.62,1631.1
372,366,-88.729,1180.48
372,367,-74.2827,372.195
372,368,-106.363,2550.79
372,369,-81.6723,686.251
372,370,-93.5749,838.892
372,371,-95.9841,1906.35
372,0,-64.8606,177.386
372,1,-95.1254,1409.33
372,2,-77.0324,522.123
372,3,-87.5826,629.109
372,4,-99.506,1559.37
372,5,-90.5014,1036
372,6,-98.1386,1620.19
372,7,-97.4577,1089.82
372,8,-98.2849,1380.1
372,9,-97.7843,1183.21
372,10,-94.6756,1387.88
372,11,-93.4677,1324.46
372,12,-99.6141,1414.68
372,13,-99.6979,1554.78
372,14,-91.8309,1429.33
372,15,-102.445,1789.73
372,16,-107.351,1558.6
372,17,-99.6599,1869.65
372,18,-82.2719,528.566
372,19,-85.7721,473.704
372,20,-96.6895,1174.22
372,21,-94.0154,1118.74
372,22,-98.3068,984.824
372,23,-94.8789,970.78
372,24,-96.4889,980.668
372,25,-93.6435,1413.76
372,26,-97.2986,1182.21
372,27,-95.981,1442.3
372,28,-91.4661,1274.06
372,29,-93.7165,1353.01
372,30,-84.7048,731.262
372,31,-87.5949,1176.45
372,32,-89.6337,907.617
372,33,-92.6179,985.375
372,34,-93.1307,1251.84
372,35,-93.5841,1161.42
372,36,-92.5277,1035.21
372,37,-101.661,1117.24
372,38,-96.0351,1461.19
372,39,-96.5761,1121.7
372,40,-78.5255,480.843
372,41,-97.9667,1514.55
372,42,-92.9605,1236.98
372,43,-98.3215,1191.48
372,44,-99.9943,1452.93
372,45,-103.213,1955.72
372,46,-98.4108,1489.24
372,47,-96.1088,1067.99
372,48,-96.101,1067.4
372,49,-96.0932,1066.82
372,50,-96.0854,1066.24
372,51,-84.0231,998.175
372,52,-103.073,1125.47
372,53,-103.065,1124.83
372,54,-88.4078,659.967
372,55,-86.9949,597.671
372,56,-86.9794,597.024
372,57,-83.1399,412.628
372,58,-86.6719,491.476
372,59,-86.6515,490.773
372,60,-87.9963,539.342
372,61,-87.9777,538.64
372,62,-80.4994,616.626
372,63,-80.4912,616.269
372,64,-80.1739,602.698
372,65,-80.1649,602.317
372,66,-79.7922,586.77
372,67,-79.7828,586.383
372,68,-87.5714,537.454
372,69,-87.5541,536.802
372,70,-82.8806,564.784
372,71,-82.8636,564.113
372,72,-56.3842,56.565
372,73,-56.4936,57.0009
372,74,-65.6817,187.907
372,75,-70.0398,237.514
372,76,-86.93,751.388
372,77,-87.7681,751.06
372,78,-88.1792,861.667
372,79,-84.841,738.282
372,80,-84.8327,737.852
372,81,-84.8243,737.421
372,82,-88.8219,686.269
372,83,-88.8083,685.615
372,84,-95.5211,1104.26
372,85,-95.5121,1103.57
372,86,-95.5031,1102.87
372,87,-95.4941,1102.17
372,88,-97.6395,1350.68
372,89,-97.6322,1349.99
372,90,-89.231,879.227
372,91,-89.2196,878.529
372,92,-93.3699,850.342
372,93,-93.358,849.636
372,94,-83.4568,609.027
372,95,-83.4431,608.44
372,96,-87.0248,617.964
372,97,-87.0127,617.441
372,98,-100.206,1102.79
372,99,-100.201,1102.41
372,100,-100.196,1102.04
372,101,-100.191,1101.67
372,102,-89.6524,1165.72
372,103,-89.6476,1165.33
372,104,-98.2131,1540.97
372,105,-98.2079,1540.4
372,106,-98.2026,1539.83
372,107,-98.1973,1539.26
372,108,-98.1921,1538.69
372,109,-97.9083,1508.35
372,110,-97.9029,1507.78
372,111,-101.828,1447.72
372,112,-101.822,1447.16
372,113,-103.649,1515.64
372,114,-103.644,1515.11
372,115,-103.639,1514.59
372,116,-103.634,1514.06
372,117,-92.7104,1347.12
372,118,-92.7055,1346.66
372,119,-92.7007,1346.2
372,120,-92.6958,1345.74
372,121,-88.978,1258.02
372,122,-88.9728,1257.56
372,123,-86.9361,1123.29
372,124,-86.9302,1122.83
372,125,-86.9243,1122.37
372,126,-86.9185,1121.91
372,127,-97.0744,995.103
372,128,-97.0674,994.609
372,129,-97.0603,994.115
372,130,-90.7922,916.762
372,131,-90.7837,916.215
372,132,-90.7752,915.669
372,133,-91.1049,886.116
372,134,-91.0957,885.549
372,135,-95.1793,879.033
372,136,-95.1693,878.412
372,137,-95.1592,877.792
372,138,-95.1491,877.171
372,139,-87.0405,734.015
372,140,-87.5559,883.623
372,141,-87.5449,882.942
372,142,-88.3663,935.333
372,143,-88.3564,934.682
372,144,-95.5804,904.121
372,145,-95.5704,903.49
372,146,-95.5604,902.858
372,147,-92.1363,1045.63
372,148,-92.1272,1044.96
372,149,-92.118,1044.29
372,150,-92.1088,1043.62
372,151,-92.9325,1105.72
372,152,-92.9237,1105.04
372,153,-92.915,1104.36
372,154,-96.5286,1161.05
372,155,-96.5203,1160.37
372,156,-91.9752,1355.14
372,157,-91.9681,1354.47
372,158,-92.8148,1437.38
372,159,-92.8082,1436.72
372,160,-92.6278,1418.64
372,161,-92.6212,1417.98
372,162,-94.0799,1387.96
372,163,-94.0733,1387.32
372,164,-92.7747,1371.41
372,165,-92.7682,1370.78
372,166,-92.7617,1370.16
372,167,-92.7551,1369.53
372,168,-92.959,1047.1
372,169,-92.9493,1046.39
372,170,-97.3761,1083.6
372,171,-97.367,1082.91
372,172,-97.7018,1216.14
372,173,-97.6937,1215.45
372,174,-94.0019,1142.44
372,175,-93.9931,1141.73
372,176,-99.1295,1331.67
372,177,-99.122,1330.98
372,178,-96.1344,1471.41
372,179,-96.1277,1470.71
372,180,-99.9255,1445.94
372,181,-99.9186,1445.23
372,182,-95.8183,1310.08
372,183,-95.8106,1309.38
372,184,-98.5045,1206.87
372,185,-98.4961,1206.17
372,186,-93.2692,1264.07
372,187,-93.2614,1263.37
372,188,-91.5256,1714.22
372,189,-91.5198,1713.53
372,190,-98.6337,1808.52
372,191,-98.6289,1807.91
372,192,-98.6241,1807.31
372,193,-98.7739,1694.06
372,194,-98.7688,1693.45
372,195,-102.716,1734.99
372,196,-102.71,1734.35
372,197,-102.705,1733.71
372,198,-96.4761,1747.39
372,199,-96.4706,1746.71
372,200,-96.4651,1746.04
372,201,-100.706,1647.46
372,202,-100.7,1646.8
372,203,-98.0513,1601.95
372,204,-98.0455,1601.29
372,205,-98.0397,1600.64
372,206,-98.6635,1515.88
372,207,-98.6574,1515.24
372,208,-98.6514,1514.6
372,209,-98.1121,1458.36
372,210,-98.1058,1457.71
372,211,-98.0995,1457.06
372,212,-99.6849,1669.21
372,213,-99.6789,1668.51
372,214,-92.0456,1451.02
372,215,-92.0396,1450.42
372,216,-92.0337,1449.82
372,217,-98.4127,1598
372,218,-100.67,1324.6
372,219,-99.5578,1565.06
372,220,-99.5521,1564.44
372,221,-80.7553,349.163
372,222,-97.7075,1418.65
372,223,-102.513,1692.98
372,224,-102.325,1170.5
372,225,-102.648,1706.76
372,226,-86.5235,671.839
372,227,-95.9871,1536.25
372,228,-102.103,2236.97
372,229,-82.8168,549.169
372,230,-104,1862.42
372,231,-102.698,1669.28
372,232,-79.3778,406.478
372,233,-104.418,1917.89
372,234,-78.9602,307.836
372,235,-91.2886,1176.99
372,236,-85.5855,683.741
372,237,-99.4611,1393.08
372,238,-91.0032,732.756
372,239,-75.396,309.049
372,240,-93.5458,1719.95
372,241,-86.5793,938.329
372,242,-101.838,1542.86
372,243,-95.9562,1322.82
372,244,-99.0428,1253.34
372,245,-92.1907,944.783
372,246,-95.0264,835.823
372,247,-103.639,2001.12
372,248,-91.8994,877.247
372,249,-82.0906,521.883
372,250,-103.997,2152.5
372,251,-93.3537,1319
372,252,-93.0691,1848.87
372,253,-102.234,1657.94
372,254,-92.3552,1377.48
372,255,-86.5545,906.349
372,256,-80.7344,587.69
372,257,-86.6929,1067.1
372,258,-101.045,1938.43
372,259,-98.1975,1416.06
372,260,-97.0618,1355.81
372,261,-107.16,1537.83
372,262,-99.7654,1353.15
372,263,-100.985,1518.42
372,264,-102.192,1485.24
372,265,-100.279,1697.09
372,266,-105.095,1890.38
372,267,-100.884,1286.88
372,268,-94.7317,799.88
372,269,-90.6481,1369.29
372,270,-92.2774,998.195
372,271,-87.7403,559.682
372,272,-91.3652,794.373
372,273,-65.6534,201.585
372,274,-100.102,2187.16
372,275,-100.128,1557.55
372,276,-101.415,2336.39
372,277,-91.1143,752.517
372,278,-89.8226,967.001
372,279,-94.4974,1419.49
372,280,-94.2338,1532.07
372,281,-96.1758,842.521
372,282,-96.5561,756.975
372,283,-88.1041,646.051
372,284,-96.7623,1681.8
372,285,-89.7795,1176.17
372,286,-93.7966,1750.5
372,287,-92.432,972.607
372,288,-101.463,1612.61
372,289,-102.119,2200.17
372,290,-88.8948,816.913
372,291,-103.386,1150.46
372,292,-102.091,1641.33
372,293,-103.96,2046.7
372,294,-97.7116,2035.31
372,295,-103.227,1941.3
372,296,-100.999,1336.53
372,297,-103.786,1660.6
372,298,-92.2282,994.759
372,299,-75.2663,642.596
372,300,-98.7213,1225.38
372,301,-84.5942,615.851
372,302,-96.3071,1100.73
372,303,-100.855,1540.38
372,304,-90.0373,885.101
372,305,-74.2583,264.367
372,306,-103.243,1932.64
372,307,-98.936,1935.6
372,308,-101.097,2118.6
372,309,-97.9372,1589.17
372,310,-95.6306,895.102
372,311,-97.9596,1141.39
372,312,-95.5334,1833.94
372,313,-97.8658,1434.5
372,314,-82.4826,515.897
372,315,-95.0578,2063.01
372,316,-95.3253,1084.07
372,317,-101.915,1664.58
372,318,-97.03,987.464
372,319,-93.6717,1343.55
372,320,-106.586,2048.92
372,321,-106.178,2099.64
372,322,-102.238,2085.03
372,323,-94.8096,1378.44
372,324,-90.4014,1028.75
372,325,-96.0946,1556.94
372,326,-85.8595,620.711
372,327,-92.5618,1663.55
372,328,-102.117,1797.36
372,329,-98.9852,1639.6
372,330,-67.4889,123.303
372,331,-101.366,2004.24
372,332,-97.9367,1663.09
372,333,-103.091,1849.04
372,334,-100.342,1747.94
372,335,-101.041,2092.79
372,336,-89.8631,751.92
372,337,-87.188,1014.05
372,338,-96.2385,917.377
372,339,-83.9258,412.477
372,340,-101.933,2171.67
372,341,-98.2435,980.456
372,342,-92.4561,1651.27
372,343,-103.509,1722.6
372,344,-101.387,1891.9
372,345,-102.651,1807.4
372,346,-91.5376,965.993
372,347,-103.514,1953.7
372,348,-102.409,2003.28
372,349,-87.875,812.432
372,350,-98.9783,1280.44
372,351,-92.6455,1673.36
372,352,-77.0692,345.685
372,353,-87.1325,1100.53
372,354,-103.621,1998.66
372,355,-100.292,1402.15
372,356,-79.3104,463.23
372,357,-96.7818,1963.52
372,358,-79.9045,481.564
372,359,-89.6696,786.844
372,360,-77.1316,295.529
372,361,-114.038,2412.58
372,362,-99.0905,2148.61
372,363,-100.935,1466.9
372,364,-96.7171,1311.35
372,365,-75.4838,288.108
372,366,-87.4829,776.639
372,367,-95.2121,846.79
372,368,-94.4431,1269.15
372,369,-94.9298,771.984
372,370,-93.3167,1972.81
372,371,-89.7695,800.861
372,0,-66.3489,177.386
372,1,-100.143,1409.33
372,2,-83.2601,522.123
372,3,-81.8112,629.109
372,4,-101.046,1559.37
372,5,-91.1388,1036
372,6,-96.8429,1620.19
372,7,-96.9546,1089.82
372,8,-96.0586,1380.1
372,9,-97.248,1183.21
372,10,-99.6776,1387.88
372,11,-99.2001,1324.46
372,12,-97.0261,1414.68
372,13,-102.712,1554.78
372,14,-102.501,1429.33
372,15,-99.9767,1789.73
372,16,-102.262,1558.6
372,17,-104.417,1869.65
372,18,-83.5948,528.566
372,19,-82.0187,473.704
372,20,-92.9014,1174.22
372,21,-90.2676,1118.74
372,22,-92.7643,984.824
372,23,-85.5735,970.78
372,24,-87.2388,980.668
372,25,-99.8211,1413.76
372,26,-97.7078,1182.21
372,27,-99.6644,1442.3
372,28,-97.1468,1274.06
372,29,-98.4025,1353.01
372,30,-82.3858,731.262
372,31,-97.3185,1176.45
372,32,-92.1663,907.617
372,33,-94.1508,985.375
372,34,-96.9807,1251.84
372,35,-88.9155,1161.42
372,36,-86.7552,1035.21
372,37,-95.3537,1117.24
372,38,-98.691,1461.19
372,39,-90.533,1121.7
372,40,-76.7858,480.843
372,41,-92.6289,1514.55
372,42,-96.8105,1236.98
372,43,-100.843,1191.48
372,44,-97.4064,1452.93
372,45,-99.5851,1955.72
372,46,-95.4182,1489.24
372,47,-98.0231,1067.99
372,48,-98.0153,1067.4
372,49,-98.0075,1066.82
372,50,-97.9997,1066.24
372,51,-92.6616,998.175
372,52,-91.3766,1125.47
372,53,-91.3686,1124.83
372,54,-85.9209,659.967
372,55,-84.508,597.671
372,56,-84.4925,597.024
372,57,-84.3496,412.628
372,58,-84.523,491.476
372,59,-84.5026,490.773
372,60,-85.8473,539.342
372,61,-85.8288,538.64
372,62,-92.192,616.626
372,63,-92.1838,616.269
372,64,-91.8665,602.698
372,65,-91.8574,602.317
372,66,-91.4848,586.77
372,67,-91.4754,586.383
372,68,-83.8179,537.454
372,69,-83.8006,536.802
372,70,-87.3355,564.784
372,71,-87.3186,564.113
372,72,-49.8048,56.565
372,73,-49.9142,57.0009
372,74,-67.17,187.907
372,75,-72.2989,237.514
372,76,-83.5518,751.388
372,77,-88.6347,751.06
372,78,-91.0492,861.667
372,79,-82.522,738.282
372,80,-82.5137,737.852
372,81,-82.5054,737.421
372,82,-83.0505,686.269
372,83,-83.0369,685.615
372,84,-91.2983,1104.26
372,85,-91.2893,1103.57
372,86,-91.2803,1102.87
372,87,-91.2713,1102.17
372,88,-95.4515,1350.68
372,89,-95.4442,1349.99
372,90,-90.7122,879.227
372,91,-90.7009,878.529
372,92,-93.9189,850.342
372,93,-93.9071,849.636
372,94,-86.4547,609.027
372,95,-86.4409,608.44
372,96,-86.4637,617.964
372,97,-86.4516,617.441
372,98,-91.2311,1102.79
372,99,-91.2263,1102.41
372,100,-91.2215,1102.04
372,101,-91.2166,1101.67
372,102,-99.3609,1165.72
372,103,-99.3561,1165.33
372,104,-92.8753,1540.97
372,105,-92.87,1540.4
372,106,-92.8647,1539.83
372,107,-92.8595,1539.26
372,108,-92.8542,1538.69
372,109,-92.5704,1508.35
372,110,-92.565,1507.78
372,111,-99.945,1447.72
372,112,-99.9395,1447.16
372,113,-96.2528,1515.64
372,114,-96.2479,1515.11
372,115,-96.2429,1514.59
372,116,-96.238,1514.06
372,117,-95.1739,1347.12
372,118,-95.169,1346.66
372,119,-95.1641,1346.2
372,120,-95.1593,1345.74
372,121,-98.9656,1258.02
372,122,-98.9604,1257.56
372,123,-96.6597,1123.29
372,124,-96.6538,1122.83
372,125,-96.6479,1122.37
372,126,-96.6421,1121.91
372,127,-94.513,995.103
372,128,-94.5059,994.609
372,129,-94.4988,994.115
372,130,-83.3801,916.762
372,131,-83.3716,916.215
372,132,-83.3631,915.669
372,133,-92.6378,886.116
372,134,-92.6287,885.549
372,135,-96.8683,879.033
372,136,-96.8583,878.412
372,137,-96.8482,877.792
372,138,-96.8381,877.171
372,139,-88.7,734.015
372,140,-93.0492,883.623
372,141,-93.0382,882.942
372,142,-93.8597,935.333
372,143,-93.8498,934.682
372,144,-97.2694,904.121
372,145,-97.2594,903.49
372,146,-97.2494,902.858
372,147,-92.8743,1045.63
372,148,-92.8651,1044.96
372,149,-92.856,1044.29
372,150,-92.8468,1043.62
372,151,-93.6705,1105.72
372,152,-93.6617,1105.04
372,153,-93.653,1104.36
372,154,-92.7405,1161.05
372,155,-92.7322,1160.37
372,156,-99.6017,1355.14
372,157,-99.5947,1354.47
372,158,-100.441,1437.38
372,159,-100.435,1436.72
372,160,-100.254,1418.64
372,161,-100.248,1417.98
372,162,-98.7659,1387.96
372,163,-98.7593,1387.32
372,164,-90.6235,1371.41
372,165,-90.617,1370.78
372,166,-90.6105,1370.16
372,167,-90.604,1369.53
372,168,-93.3563,1047.1
372,169,-93.3466,1046.39
372,170,-96.8731,1083.6
372,171,-96.864,1082.91
372,172,-98.111,1216.14
372,173,-98.1029,1215.45
372,174,-95.0242,1142.44
372,175,-95.0154,1141.73
372,176,-97.888,1331.67
372,177,-97.8806,1330.98
372,178,-98.7903,1471.41
372,179,-98.7835,1470.71
372,180,-97.3376,1445.94
372,181,-97.3306,1445.23
372,182,-98.335,1310.08
372,183,-98.3274,1309.38
372,184,-101.026,1206.87
372,185,-101.018,1206.17
372,186,-97.1192,1264.07
372,187,-97.1113,1263.37
372,188,-102.731,1714.22
372,189,-102.726,1713.53
372,190,-97.5408,1808.52
372,191,-97.536,1807.91
372,192,-97.5312,1807.31
372,193,-97.4782,1694.06
372,194,-97.473,1693.45
372,195,-91.9058,1734.99
372,196,-91.9006,1734.35
372,197,-91.8953,1733.71
372,198,-103.082,1747.39
372,199,-103.077,1746.71
372,200,-103.071,1746.04
372,201,-98.9485,1647.46
372,202,-98.9428,1646.8
372,203,-100.68,1601.95
372,204,-100.675,1601.29
372,205,-100.669,1600.64
372,206,-95.671,1515.88
372,207,-95.6649,1515.24
372,208,-95.6589,1514.6
372,209,-95.1196,1458.36
372,210,-95.1133,1457.71
372,211,-95.107,1457.06
372,212,-101.468,1669.21
372,213,-101.462,1668.51
372,214,-102.716,1451.02
372,215,-102.71,1450.42
372,216,-102.704,1449.82
372,217,-93.4891,1598
372,218,-96.8168,1324.6
372,219,-101.097,1565.06
372,220,-101.092,1564.44
372,221,-75.9015,349.163
372,222,-95.0344,1636.32
372,223,-105.701,2164.85
372,224,-91.2553,1122.55
372,225,-100.403,2160.58
372,226,-93.2691,1911.45
372,227,-98.726,2385.35
372,228,-78.308,307.845
372,229,-85.7902,519.797
372,230,-107.964,2100.97
372,231,-93.545,1948.82
372,232,-98.2504,1541.59
372,233,-99.8615,1417.76
372,234,-86.915,629.021
372,235,-92.7712,1346.07
372,236,-101.108,1859.93
372,237,-92.1945,1451.69
372,238,-82.863,507.778
372,239,-101.074,1855.56
372,240,-92.5565,1120.29
372,241,-93.1484,1148.47
372,242,-106.56,1826.12
372,243,-95.9597,2179.71
372,244,-89.2083,965.258
372,245,-93.6819,1341.72
372,246,-94.9779,1139.54
372,247,-89.7891,1089.52
372,248,-89.0419,1300.51
372,249,-101.721,1458.61
372,250,-84.5789,905.332
372,251,-98.2789,2019.97
372,252,-101.63,2001.6
372,253,-94.5113,1119.08
372,254,-89.4123,799.389
372,255,-102.313,2084
372,256,-106.783,1854.93
372,257,-90.5061,871.419
372,258,-101.842,1843.7
372,259,-106.477,1286.44
372,260,-98.4672,2014.43
372,261,-93.9807,922.236
372,262,-106.34,1274.15
372,263,-91.4797,560.374
372,264,-106.59,1979.64
372,265,-90.4534,1076.43
372,266,-98.4559,1785.48
372,267,-100.23,1821.91
372,268,-86.707,750.049
372,269,-82.6798,419.59
372,270,-91.419,829.577
372,271,-97.0582,1701.54
372,272,-100.279,1977.13
372,273,-102.032,1597.42
372,274,-107.79,1997.8
372,275,-102.07,1741.28
372,276,-107.513,2202.27
372,277,-103.95,1531.49
372,278,-96.1668,1202.6
372,279,-99.2881,1774.93
372,280,-99.074,1865.35
372,281,-100.129,2031.82
372,282,-102.95,2103.98
372,283,-99.4975,1382.01
372,284,-84.3045,888.066
372,285,-88.9585,1164.94
372,286,-73.2216,373.19
372,287,-98.764,1722.6
372,288,-94.1144,862.082
372,289,-106.728,2509.76
372,290,-73.6362,366.412
372,291,-105.239,1836.67
372,292,-96.5033,1307.04
372,293,-82.6363,716.625
372,294,-92.1104,1191.97
372,295,-73.931,305.94
372,296,-86.0464,615.909
372,297,-99.2678,1348.53
372,298,-98.2335,2073.4
372,299,-93.8043,924.648
372,300,-102.968,1996.83
372,301,-100.651,1536.52
372,302,-79.8077,705.646
372,303,-77.0778,265.476
372,304,-91.3144,618.287
372,305,-84.1012,714.794
372,306,-102.162,1987.11
372,307,-63.2986,128.077
372,308,-97.3286,1562.82
372,309,-103.95,2031.75
372,310,-94.1144,1144.63
372,311,-107.779,1996.27
372,312,-100.771,1552.12
372,313,-97.0195,1679.53
372,314,-71.0957,173.962
372,315,-99.2858,1339.28
372,316,-99.9224,2002.57
372,317,-95.2771,1180.86
372,318,-99.5336,1902.34
372,319,-92.7347,640.558
372,320,-71.5937,178.718
372,321,-91.088,1638.23
372,322,-97.1396,1542.22
372,323,-76.3092,261.771
372,324,-91.8875,1068.91
372,325,-97.5874,1734
372,326,-93.7568,921.572
372,327,-109.669,2029.83
372,328,-94.5816,995.18
372,329,-102.328,1773.04
372,330,-90.3105,1341.61
372,331,-92.1511,1195.38
372,332,-100.346,1488.99
372,333,-93.0538,1352.58
372,334,-75.0752,352.427
372,335,-84.2379,681.05
372,336,-98.6809,1493.36
372,337,-104.382,2541.39
372,338,-104.538,1941.66
372,339,-108.389,2310.96
372,340,-99.2539,2167.55
372,341,-98.3316,1708.81
372,342,-87.2304,723.736
372,343,-90.5502,1028.94
372,344,-100.649,1521.06
372,345,-101.034,2110.13
372,346,-103.446,1980.76
372,347,-90.4731,755.148
372,348,-93.2969,1915.18
372,349,-90.7617,882.288
372,350,-103.953,2291.23
372,351,-102.036,1560.53
372,352,-97.5472,1380.91
372,353,-99.9783,1391.42
372,354,-89.5247,1061.92
372,355,-97.5104,1913.92
372,356,-101.329,1614.08
372,357,-101.011,1600.39
372,358,-95.7952,1407.16
372,359,-101.42,1673.25
372,360,-89.8609,792.733
372,361,-91.0096,1258.71
372,362,-95.0197,1142.07
372,363,-102.27,1899.87
372,364,-97.3532,1153.16
372,365,-103.844,1915.6
372,366,-100.499,1170.57
372,367,-103.621,2238.51
372,368,-101.101,1609.35
372,369,-88.0866,682.919
372,370,-100.349,1713.36
372,371,-78.8685,299.555
372,0,-68.609,177.386
372,1,-96.5953,1409.33
372,2,-85.4543,522.123
372,3,-86.9675,629.109
372,4,-100.683,1559.37
372,5,-92.6741,1036
372,6,-98.2617,1620.19
372,7,-90.2451,1089.82
372,8,-94.7045,1380.1
372,9,-94.7384,1183.21
372,10,-98.7969,1387.88
372,11,-94.3983,1324.46
372,12,-90.0835,1414.68
372,13,-99.5416,1554.78
372,14,-91.5376,1429.33
372,15,-102.45,1789.73
372,16,-98.658,1558.6
372,17,-102.489,1869.65
372,18,-82.3397,528.566
372,19,-79.4662,473.704
372,20,-92.6982,1174.22
372,21,-98.1065,1118.74
372,22,-96.2293,984.824
372,23,-89.4158,970.78
372,24,-91.2613,980.668
372,25,-92.5921,1413.76
372,26,-90.4498,1182.21
372,27,-98.0635,1442.3
372,28,-100.409,1274.06
372,29,-95.5493,1353.01
372,30,-91.0189,731.262
372,31,-90.8244,1176.45
372,32,-89.3642,907.617
372,33,-90.1134,985.375
372,34,-96.7728,1251.84
372,35,-91.3557,1161.42
372,36,-92.9279,1035.21
372,37,-94.96,1117.24
372,38,-105.889,1461.19
372,39,-98.9295,1121.7
372,40,-78.995,480.843
372,41,-98.0107,1514.55
372,42,-96.6027,1236.98
372,43,-96.4579,1191.48
372,44,-90.4637,1452.93
372,45,-101.133,1955.72
372,46,-102.317,1489.24
372,47,-94.732,1067.99
372,48,-94.7242,1067.4
372,49,-94.7164,1066.82
372,50,-94.7086,1066.24
372,51,-92.2152,998.175
372,52,-94.5092,1125.47
372,53,-94.5011,1124.83
372,54,-94.6938,659.967
372,55,-93.2808,597.671
372,56,-93.2654,597.024
372,57,-78.5608,412.628
372,58,-86.9702,491.476
372,59,-86.9498,490.773
372,60,-88.2946,539.342
372,61,-88.2761,538.64
372,62,-88.8676,616.626
372,63,-88.8594,616.269
372,64,-88.542,602.698
372,65,-88.533,602.317
372,66,-88.1604,586.77
372,67,-88.151,586.383
372,68,-81.2655,537.454
372,69,-81.2482,536.802
372,70,-83.1104,564.784
372,71,-83.0935,564.113
372,72,-58.0671,56.565
372,73,-58.1765,57.0009
372,74,-69.4301,187.907
372,75,-71.6209,237.514
372,76,-84.8232,751.388
372,77,-95.1463,751.06
372,78,-88.9703,861.667
372,79,-91.155,738.282
372,80,-91.1467,737.852
372,81,-91.1384,737.421
372,82,-88.2068,686.269
372,83,-88.1932,685.615
372,84,-92.2894,1104.26
372,85,-92.2804,1103.57
372,86,-92.2714,1102.87
372,87,-92.2624,1102.17
372,88,-100.661,1350.68
372,89,-100.654,1349.99
372,90,-81.8245,879.227
372,91,-81.8132,878.529
372,92,-96.6083,850.342
372,93,-96.5965,849.636
372,94,-87.8497,609.027
372,95,-87.836,608.44
372,96,-93.6844,617.964
372,97,-93.6723,617.441
372,98,-95.7238,1102.79
372,99,-95.719,1102.41
372,100,-95.7142,1102.04
372,101,-95.7093,1101.67
372,102,-95.758,1165.72
372,103,-95.7532,1165.33
372,104,-98.2571,1540.97
372,105,-98.2518,1540.4
372,106,-98.2465,1539.83
372,107,-98.2413,1539.26
372,108,-98.236,1538.69
372,109,-97.9523,1508.35
372,110,-97.9468,1507.78
372,111,-99.3622,1447.72
372,112,-99.3567,1447.16
372,113,-96.4573,1515.64
372,114,-96.4523,1515.11
372,115,-96.4474,1514.59
372,116,-96.4424,1514.06
372,117,-98.6735,1347.12
372,118,-98.6686,1346.66
372,119,-98.6637,1346.2
372,120,-98.6589,1345.74
372,121,-94.1135,1258.02
372,122,-94.1083,1257.56
372,123,-90.1655,1123.29
372,124,-90.1597,1122.83
372,125,-90.1538,1122.37
372,126,-90.1479,1121.91
372,127,-95.9732,995.103
372,128,-95.9662,994.609
372,129,-95.9591,994.115
372,130,-92.1677,916.762
372,131,-92.1592,916.215
372,132,-92.1507,915.669
372,133,-88.6004,886.116
372,134,-88.5913,885.549
372,135,-90.7508,879.033
372,136,-90.7407,878.412
372,137,-90.7307,877.792
372,138,-90.7206,877.171
372,139,-89.817,734.015
372,140,-91.0593,883.623
372,141,-91.0483,882.942
372,142,-91.8697,935.333
372,143,-91.8598,934.682
372,144,-91.1518,904.121
372,145,-91.1419,903.49
372,146,-91.1319,902.858
372,147,-93.9007,1045.63
372,148,-93.8915,1044.96
372,149,-93.8824,1044.29
372,150,-93.8732,1043.62
372,151,-94.6968,1105.72
372,152,-94.6881,1105.04
372,153,-94.6794,1104.36
372,154,-92.5374,1161.05
372,155,-92.5291,1160.37
372,156,-98.8388,1355.14
372,157,-98.8317,1354.47
372,158,-99.6784,1437.38
372,159,-99.6718,1436.72
372,160,-99.4913,1418.64
372,161,-99.4847,1417.98
372,162,-95.9128,1387.96
372,163,-95.9062,1387.32
372,164,-92.0143,1371.41
372,165,-92.0078,1370.78
372,166,-92.0013,1370.16
372,167,-91.9947,1369.53
372,168,-93.4347,1047.1
372,169,-93.4251,1046.39
372,170,-90.1636,1083.6
372,171,-90.1545,1082.91
372,172,-90.853,1216.14
372,173,-90.845,1215.45
372,174,-93.5646,1142.44
372,175,-93.5558,1141.73
372,176,-97.6514,1331.67
372,177,-97.644,1330.98
372,178,-105.988,1471.41
372,179,-105.981,1470.71
372,180,-90.395,1445.94
372,181,-90.388,1445.23
372,182,-96.0524,1310.08
372,183,-96.0447,1309.38
372,184,-96.6408,1206.87
372,185,-96.6325,1206.17
372,186,-96.9114,1264.07
372,187,-96.9035,1263.37
372,188,-102.942,1714.22
372,189,-102.936,1713.53
372,190,-103.055,1808.52
372,191,-103.05,1807.91
372,192,-103.045,1807.31
372,193,-98.8969,1694.06
372,194,-98.8918,1693.45
372,195,-102.342,1734.99
372,196,-102.337,1734.35
372,197,-102.332,1733.71
372,198,-100.471,1747.39
372,199,-100.465,1746.71
372,200,-100.46,1746.04
372,201,-97.4287,1647.46
372,202,-97.423,1646.8
372,203,-101.137,1601.95
372,204,-101.132,1601.29
372,205,-101.126,1600.64
372,206,-102.57,1515.88
372,207,-102.564,1515.24
372,208,-102.558,1514.6
372,209,-102.019,1458.36
372,210,-102.012,1457.71
372,211,-102.006,1457.06
372,212,-102.574,1669.21
372,213,-102.568,1668.51
372,214,-91.7523,1451.02
372,215,-91.7464,1450.42
372,216,-91.7404,1449.82
372,217,-98.1718,1598
372,218,-101.152,1324.6
372,219,-100.735,1565.06
372,220,-100.729,1564.44
372,221,-74.9083,349.163
372,222,-92.6049,967.056
372,223,-99.6959,1730.32
372,224,-64.3996,127.222
372,225,-100.934,1724.29
372,226,-88.3212,769.688
372,227,-97.7116,1337.31
372,228,-99.0896,1584.36
372,229,-97.4589,1457.02
372,230,-95.9017,1457.68
372,231,-90.457,800.897
372,232,-92.0442,1230.35
372,233,-89.7859,791.745
372,234,-54.7218,64.5093
372,235,-98.3843,1757.5
372,236,-103.123,1954.78
372,237,-95.9781,1387.32
372,238,-93.7637,862.95
372,239,-87.4944,793.198
372,240,-99.8436,2092.15
372,241,-79.95,548.557
372,242,-71.3009,236.607
372,243,-98.525,1522.81
372,244,-84.9694,759.136
372,245,-89.2322,899.248
372,246,-93.7186,1114.19
372,247,-99.3321,1157.87
372,248,-89.5593,955.213
372,249,-96.3552,1648.07
372,250,-92.4296,910.999
372,251,-96.7688,991.825
372,252,-98.9367,1461
372,253,-102.58,1858.53
372,254,-103.169,1845.88
372,255,-92.9111,1169.06
372,256,-86.3995,767.067
372,257,-94.9274,1857.31
372,258,-96.1959,1385.03
372,259,-99.6646,1537.57
372,260,-88.0493,1038.91
372,261,-97.256,1794.12
372,262,-99.0165,1748.51
372,263,-87.4638,643.444
372,264,-97.4189,1274.6
372,265,-104.948,2184.17
372,266,-91.3715,988.284
372,267,-99.7186,1484.39
372,268,-103.765,2223.12
372,269,-92.0239,817.641
372,270,-95.3185,1320.33
372,271,-107.194,2347.93
372,272,-94.5673,1781.57
372,273,-89.0554,594.669
372,274,-101.805,1251.06
372,275,-104.339,1801.53
372,276,-88.5929,550.749
372,277,-104.002,2347.1
372,278,-60.3016,95.4268
372,279,-78.973,395.371
372,280,-92.2582,1248.97
372,281,-104.854,2028.89
372,282,-88.4055,801.746
372,283,-93.2991,1052.89
372,284,-85.4497,786.75
372,285,-95.4301,1162.08
372,286,-88.0346,827.846
372,287,-70.9753,219.527
372,288,-105.16,1587.36
372,289,-101.226,1456.71
372,290,-91.235,810.814
372,291,-95.9105,1387.74
372,292,-82.0276,699.37
372,293,-97.0985,1076.87
372,294,-100.675,1316.65
372,295,-87.4894,776.62
372,296,-70.4485,249.243
372,297,-101.795,1481.11
372,298,-94.0138,1626.92
372,299,-102.934,1712
372,300,-97.7933,1588.21
372,301,-104.784,1598.35
372,302,-99.2898,1904.97
372,303,-87.1285,763.715
372,304,-97.8656,1323.7
372,305,-90.7993,524.413
372,306,-98.6611,1638.93
372,307,-92.9677,1970.57
372,308,-100.811,1471.19
372,309,-92.3292,992.61
372,310,-81.6689,291.717
372,311,-97.4202,1216.77
372,312,-98.9605,1592.03
372,313,-98.2078,1639.16
372,314,-90.3423,997.147
372,315,-56.9009,97.142
372,316,-96.886,1261.82
372,317,-101.312,2056.89
372,318,-108.382,2208.53
372,319,-105.861,1469.46
372,320,-96.8084,1279.37
372,321,-102.622,1499.01
372,322,-74.0232,379.887
372,323,-100.667,1771.66
372,324,-95.6724,1357.88
372,325,-98.1669,1380.73
372,326,-102.749,1904.06
372,327,-93.4422,1562.95
372,328,-95.9252,1358.97
372,329,-102.573,1805.28
372,330,-87.8357,770.319
372,331,-101.873,1996.28
372,332,-91.4117,1319.82
372,333,-97.2759,1771.54
372,334,-93.9226,1080.08
372,335,-101.449,1970.78
372,336,-92.5179,591.628
372,337,-99.9378,2209.03
372,338,-90.1545,1268.56
372,339,-104.951,1617.23
372,340,-96.5663,1193.69
372,341,-107.245,1733.68
372,342,-79.2994,488.208
372,343,-98.6795,1560.95
372,344,-91.8299,935.581
372,345,-99.5024,1513.03
372,346,-98.4421,1353.76
372,347,-83.368,902.246
372,348,-92.3108,1248.57
372,349,-95.5889,1448.72
372,350,-74.7963,275.422
372,351,-98.4552,1941.71
372,352,-88.2444,561.772
372,353,-77.9085,301.381
372,354,-100.081,1345.8
372,355,-79.6464,536.994
372,356,-87.0887,965.117
372,357,-84.4229,657.775
372,358,-85.4785,719.06
372,359,-96.0382,1681.12
372,360,-97.2763,1796.68
372,361,-94.8713,1154.43
372,362,-100.318,1598.56
372,363,-101.936,1558.73
372,364,-98.4527,2060.53
372,365,-101.766,1666.27
372,366,-106.116,1935.61
372,367,-91.8483,896.44
372,368,-87.763,605.335
372,369,-99.258,1661.93
372,370,-91.1768,739.409
372,371,-89.3848,1006.99
372,0,-61.8886,177.386
372,1,-102.939,1409.33
372,2,-81.6614,522.123
372,3,-80.0483,629.109
372,4,-97.3397,1559.37
372,5,-89.3817,1036
372,6,-96.6811,1620.19
372,7,-92.1423,1089.82
372,8,-95.7819,1380.1
372,9,-97.753,1183.21
372,10,-96.5904,1387.88
372,11,-96.5386,1324.46
372,12,-92.1521,1414.68
372,13,-96.1718,1554.78
372,14,-85.8256,1429.33
372,15,-104.04,1789.73
372,16,-100.335,1558.6
372,17,-101.492,1869.65
372,18,-85.4659,528.566
372,19,-85.8689,473.704
372,20,-93.7461,1174.22
372,21,-91.7818,1118.74
372,22,-96.5571,984.824
372,23,-87.8249,970.78
372,24,-87.9505,980.668
372,25,-95.7746,1413.76
372,26,-103.413,1182.21
372,27,-97.7795,1442.3
372,28,-97.9816,1274.06
372,29,-94.5786,1353.01
372,30,-83.7608,731.262
372,31,-91.2423,1176.45
372,32,-93.3056,907.617
372,33,-100.814,985.375
372,34,-92.5652,1251.84
372,35,-93.3094,1161.42
372,36,-97.7978,1035.21
372,37,-99.9617,1117.24
372,38,-99.8637,1461.19
372,39,-95.9947,1121.7
372,40,-83.5624,480.843
372,41,-94.1603,1514.55
372,42,-92.395,1236.98
372,43,-95.9546,1191.48
372,44,-92.5323,1452.93
372,45,-102.85,1955.72
372,46,-102.055,1489.24
372,47,-87.1677,1067.99
372,48,-87.1599,1067.4
372,49,-87.1521,1066.82
372,50,-87.1443,1066.24
372,51,-89.2005,998.175
372,52,-98.0174,1125.47
372,53,-98.0093,1124.83
372,54,-91.37,659.967
372,55,-89.9571,597.671
372,56,-89.9416,597.024
372,57,-80.0346,412.628
372,58,-82.2783,491.476
372,59,-82.2579,490.773
372,60,-83.6027,539.342
372,61,-83.5842,538.64
372,62,-90.643,616.626
372,63,-90.6348,616.269
372,64,-90.3175,602.698
372,65,-90.3085,602.317
372,66,-89.9358,586.77
372,67,-89.9264,586.383
372,68,-87.6681,537.454
372,69,-87.6508,536.802
372,70,-80.7303,564.784
372,71,-80.7134,564.113
372,72,-45.444,56.565
372,73,-45.5534,57.0009
372,74,-62.7097,187.907
372,75,-68.2135,237.514
372,76,-93.3336,751.388
372,77,-86.0378,751.06
372,78,-86.2432,861.667
372,79,-83.8969,738.282
372,80,-83.8886,737.852
372,81,-83.8803,737.421
372,82,-81.2876,686.269
372,83,-81.274,685.615
372,84,-91.6223,1104.26
372,85,-91.6133,1103.57
372,86,-91.6043,1102.87
372,87,-91.5953,1102.17
372,88,-99.2723,1350.68
372,89,-99.265,1349.99
372,90,-95.6641,879.227
372,91,-95.6528,878.529
372,92,-93.0907,850.342
372,93,-93.0789,849.636
372,94,-84.2664,609.027
372,95,-84.2526,608.44
372,96,-85.7545,617.964
372,97,-85.7424,617.441
372,98,-97.2784,1102.79
372,99,-97.2736,1102.41
372,100,-97.2688,1102.04
372,101,-97.2639,1101.67
372,102,-91.7232,1165.72
372,103,-91.7184,1165.33
372,104,-94.4067,1540.97
372,105,-94.4014,1540.4
372,106,-94.3961,1539.83
372,107,-94.3909,1539.26
372,108,-94.3856,1538.69
372,109,-94.1019,1508.35
372,110,-94.0964,1507.78
372,111,-93.1347,1447.72
372,112,-93.1292,1447.16
372,113,-100.84,1515.64
372,114,-100.835,1515.11
372,115,-100.83,1514.59
372,116,-100.825,1514.06
372,117,-94.9834,1347.12
372,118,-94.9785,1346.66
372,119,-94.9737,1346.2
372,120,-94.9688,1345.74
372,121,-98.6121,1258.02
372,122,-98.6069,1257.56
372,123,-90.5834,1123.29
372,124,-90.5776,1122.83
372,125,-90.5717,1122.37
372,126,-90.5659,1121.91
372,127,-89.4974,995.103
372,128,-89.4904,994.609
372,129,-89.4833,994.115
372,130,-92.0793,916.762
372,131,-92.0708,916.215
372,132,-92.0623,915.669
372,133,-99.3007,886.116
372,134,-99.2916,885.549
372,135,-89.0273,879.033
372,136,-89.0173,878.412
372,137,-89.0072,877.792
372,138,-88.9971,877.171
372,139,-91.536,734.015
372,140,-87.5903,883.623
372,141,-87.5793,882.942
372,142,-88.4008,935.333
372,143,-88.3909,934.682
372,144,-89.4283,904.121
372,145,-89.4184,903.49
372,146,-89.4084,902.858
372,147,-94.6387,1045.63
372,148,-94.6296,1044.96
372,149,-94.6204,1044.29
372,150,-94.6113,1043.62
372,151,-95.4349,1105.72
372,152,-95.4262,1105.04
372,153,-95.4174,1104.36
372,154,-93.5852,1161.05
372,155,-93.5769,1160.37
372,156,-99.7455,1355.14
372,157,-99.7384,1354.47
372,158,-100.585,1437.38
372,159,-100.578,1436.72
372,160,-100.398,1418.64
372,161,-100.391,1417.98
372,162,-94.942,1387.96
372,163,-94.9355,1387.32
372,164,-98.4605,1371.41
372,165,-98.454,1370.78
372,166,-98.4475,1370.16
372,167,-98.441,1369.53
372,168,-98.4478,1047.1
372,169,-98.4382,1046.39
372,170,-92.0608,1083.6
372,171,-92.0516,1082.91
372,172,-103.816,1216.14
372,173,-103.808,1215.45
372,174,-91.5586,1142.44
372,175,-91.5498,1141.73
372,176,-90.2471,1331.67
372,177,-90.2397,1330.98
372,178,-99.9631,1471.41
372,179,-99.9563,1470.71
372,180,-92.4635,1445.94
372,181,-92.4565,1445.23
372,182,-97.5774,1310.08
372,183,-97.5697,1309.38
372,184,-96.1376,1206.87
372,185,-96.1292,1206.17
372,186,-92.7037,1264.07
372,187,-92.6959,1263.37
372,188,-95.2432,1714.22
372,189,-95.2374,1713.53
372,190,-103.048,1808.52
372,191,-103.043,1807.91
372,192,-103.038,1807.31
372,193,-97.3164,1694.06
372,194,-97.3112,1693.45
372,195,-98.7683,1734.99
372,196,-98.763,1734.35
372,197,-98.7578,1733.71
372,198,-95.8273,1747.39
372,199,-95.8218,1746.71
372,200,-95.8163,1746.04
372,201,-101.544,1647.46
372,202,-101.539,1646.8
372,203,-101.33,1601.95
372,204,-101.324,1601.29
372,205,-101.318,1600.64
372,206,-102.307,1515.88
372,207,-102.301,1515.24
372,208,-102.295,1514.6
372,209,-101.756,1458.36
372,210,-101.75,1457.71
372,211,-101.743,1457.06
372,212,-100.25,1669.21
372,213,-100.244,1668.51
372,214,-86.0403,1451.02
372,215,-86.0344,1450.42
372,216,-86.0285,1449.82
372,217,-100.289,1598
372,218,-92.9386,1324.6
372,219,-97.3915,1565.06
372,220,-97.3859,1564.44
372,221,-77.0911,349.163
372,222,-93.1871,1115.06
372,223,-105.776,2353.38
372,224,-93.6464,995.106
372,225,-100.203,1647.25
372,226,-92.3931,1723.97
372,227,-102.437,2104.72
372,228,-85.7893,430.218
372,229,-102.653,1759.11
372,230,-75.2172,391.105
372,231,-71.2098,277.886
372,232,-91.7943,1117.67
372,233,-99.6608,1147.25
372,234,-84.6284,436.827
372,235,-103.209,1937.92
372,236,-102.829,2444.86
372,237,-113.361,2482.74
372,238,-103.242,2055.67
372,239,-109.696,2179.76
372,240,-102.679,2039.84
372,241,-93.5941,1008.64
372,242,-80.8836,395.853
372,243,-88.8105,846.573
372,244,-93.6809,1100.4
372,245,-85.8606,683.76
372,246,-95.1277,1298.73
372,247,-103.608,1992.97
372,248,-103.871,1806.95
372,249,-87.3736,899.353
372,250,-97.5921,1061.09
372,251,-93.7816,1671.46
372,252,-108.116,2404.03
372,253,-87.8491,929.669
372,254,-104.722,1483.49
372,255,-91.3212,657.713
372,256,-108.412,2079.72
372,257,-93.2851,768.848
372,258,-98.8353,1563.21
372,259,-85.9298,925.443
372,260,-97.4792,1601.09
372,261,-92.0898,1353
372,262,-100.48,2159.18
372,263,-79.7376,291.876
372,264,-100.864,2102.53
372,265,-100.636,1442.49
372,266,-98.3238,1274.04
372,267,-74.8113,394.097
372,268,-102.912,1141.4
372,269,-91.5029,1117.6
372,270,-101.137,1765.83
372,271,-95.1532,1363.27
372,272,-102.745,1985.18
372,273,-101.536,1960.64
372,274,-101.02,1935.2
372,275,-89.0637,709.58
372,276,-105.863,2067.08
372,277,-79.0057,569.942
372,278,-83.566,631.085
372,279,-94.4706,1241.03
372,280,-105.769,1077.84
372,281,-100.703,1892.65
372,282,-95.842,1976.37
372,283,-106.596,1142.27
372,284,-102.026,2112.8
372,285,-109.071,2445.67
372,286,-88.2053,829.763
372,287,-105.101,2056.38
372,288,-86.3951,717.563
372,289,-106.141,1795.13
372,290,-96.6068,1957.25
372,291,-98.8476,1584.43
372,292,-100.952,2115.6
372,293,-75.0019,353.966
372,294,-99.9157,1466.53
372,295,-100.105,2021.67
372,296,-90.8283,962.736
372,297,-106.174,1799.31
372,298,-93.3163,750.472
372,299,-100.92,1858.56
372,300,-91.3208,917.752
372,301,-98.3895,1031.37
372,302,-95.1958,1357.48
372,303,-98.6623,1722.13
372,304,-70.3538,324.775
372,305,-100.382,1853.86
372,306,-100.613,2219.95
372,307,-99.5855,1668.64
372,308,-96.9955,1220.22
372,309,-90.8635,1250.29
372,310,-97.0907,1602.77
372,311,-77.9821,367.252
372,312,-95.5959,1275.83
372,313,-104.043,2106.79
372,314,-97.585,1726.3
372,315,-90.0215,962.264
372,316,-99.8443,1108.07
372,317,-101.304,2168.38
372,318,-97.0861,1376.33
372,319,-87.5081,907.88
372,320,-100.766,1599.88
372,321,-103.189,1970.64
372,322,-91.8901,1148.38
372,323,-99.3681,1627.95
372,324,-95.0127,1810.16
372,325,-103.538,1765.19
372,326,-101.929,1476.15
372,327,-102.11,2125.36
372,328,-92.5861,712.988
372,329,-102.343,1992.35
372,330,-82.6783,795.429
372,331,-105.463,1945.3
372,332,-101.108,1461.29
372,333,-88.1219,925.416
372,334,-107.244,1834.24
372,335,-109.624,1909.12
372,336,-89.8951,1023.27
372,337,-99.8618,1708.87
372,338,-104.987,2549.56
372,339,-100.996,1605.83
372,340,-97.9039,1318.88
372,341,-98.8972,1488.34
372,342,-103.549,2035.1
372,343,-92.3555,1520.89
372,344,-97.2349,1481.84
372,345,-86.2907,601.787
372,346,-85.1069,867.493
372,347,-90.8248,697.211
372,348,-100.384,2184.5
372,349,-99.3153,1528.45
372,350,-64.1195,172.168
372,351,-91.7258,1257.28
372,352,-89.9012,613.401
372,353,-101.7,1644.1
372,354,-98.6347,1152.44
372,355,-84.1686,688.069
372,356,-91.7205,1111.9
372,357,-102.157,1499.97
372,358,-81.1738,352.594
372,359,-96.8452,1088.59
372,360,-68.5931,213.08
372,361,-97.8703,1402.84
372,362,-105.233,2075.6
372,363,-87.5221,879.401
372,364,-107.332,1583.67
372,365,-84.9257,404.919
372,366,-108.772,2132.87
372,367,-93.4273,870.656
372,368,-92.5512,1260.16
372,369,-97.3294,1664.75
372,370,-100.484,2199.92
372,371,-93.3395,771.789
