643,0,-87.1576,171.99
643,1,-128.29,1408.66
643,2,-111.399,520.315
643,3,-120.696,627.609
643,4,-135.589,1558.77
643,5,-126.65,1035.09
643,6,-146.605,1619.61
643,7,-124.993,1088.95
643,8,-136.126,1379.41
643,9,-126.312,1182.42
643,10,-138.555,1387.2
643,11,-126.71,1323.74
643,12,-128.001,1414.02
643,13,-134.317,1554.18
643,14,-129.765,1428.67
643,15,-131.245,1789.2
643,16,-151.23,1558
643,17,-142.166,1869.14
643,18,-112.315,526.779
643,19,-115.526,471.71
643,20,-126.684,1173.42
643,21,-126.851,1117.9
643,22,-122.697,983.866
643,23,-126.855,969.809
643,24,-136.426,979.707
643,25,-135.995,1413.09
643,26,-123.367,1181.41
643,27,-130.991,1441.65
643,28,-129.214,1273.32
643,29,-126.902,1352.31
643,30,-120.678,729.972
643,31,-126.291,1175.64
643,32,-121.413,906.578
643,33,-119.576,984.417
643,34,-131.091,1251.08
643,35,-128.546,1160.61
643,36,-122.277,1034.3
643,37,-127.46,1116.39
643,38,-134.673,1460.54
643,39,-125.237,1120.86
643,40,-119.356,478.879
643,41,-132.185,1513.93
643,42,-133.294,1236.22
643,43,-125.806,1190.69
643,44,-133.072,1452.29
643,45,-140.769,1955.24
643,46,-136.847,1488.61
643,47,-123.956,1067.11
643,48,-127.064,1066.52
643,49,-127.292,1065.94
643,50,-123.447,1065.35
643,51,-131.147,997.23
643,52,-122.396,1124.63
643,53,-122.326,1123.99
643,54,-133.399,658.537
643,55,-112.094,596.092
643,56,-117.39,595.443
643,57,-110.9,410.338
643,58,-116.242,489.555
643,59,-110.253,488.849
643,60,-115.594,537.592
643,61,-111.28,536.887
643,62,-115.335,615.095
643,63,-118.804,614.738
643,64,-118.47,601.132
643,65,-115.178,600.75
643,66,-115.789,585.162
643,67,-118.497,584.773
643,68,-114.087,535.697
643,69,-110.057,535.043
643,70,-110.178,563.113
643,71,-112.716,562.44
643,72,-59.9714,36.2547
643,73,-59.9545,36.9311
643,74,-87.6453,182.822
643,75,-97.5174,233.512
643,76,-125.645,750.133
643,77,-120.032,749.804
643,78,-127.947,860.572
643,79,-120.411,737.004
643,80,-136.068,736.573
643,81,-121.083,736.142
643,82,-117.041,684.894
643,83,-119.825,684.239
643,84,-130.034,1103.41
643,85,-130.789,1102.71
643,86,-132.887,1102.01
643,87,-132.204,1101.32
643,88,-128.937,1349.98
643,89,-135.207,1349.29
643,90,-128.869,878.154
643,91,-123.801,877.456
643,92,-144.184,849.233
643,93,-122.627,848.526
643,94,-109.975,607.477
643,95,-113.238,606.889
643,96,-114.166,616.437
643,97,-118.414,615.912
643,98,-122.992,1101.93
643,99,-133.625,1101.56
643,100,-134.407,1101.18
643,101,-130.555,1100.81
643,102,-127.055,1164.92
643,103,-125.865,1164.52
643,104,-141.032,1540.35
643,105,-132.665,1539.78
643,106,-142.304,1539.21
643,107,-138.362,1538.65
643,108,-129.493,1538.08
643,109,-133.263,1507.73
643,110,-133.455,1507.15
643,111,-136.353,1447.07
643,112,-127.937,1446.51
643,113,-129.967,1515.02
643,114,-127.467,1514.49
643,115,-134.292,1513.97
643,116,-135.347,1513.44
643,117,-132.484,1346.42
643,118,-138.386,1345.96
643,119,-136.078,1345.5
643,120,-130.257,1345.04
643,121,-131.288,1257.27
643,122,-127.753,1256.81
643,123,-134.55,1122.46
643,124,-133.244,1121.99
643,125,-131.992,1121.53
643,126,-130.24,1121.07
643,127,-130.621,994.156
643,128,-120.516,993.661
643,129,-124.492,993.166
643,130,-130.456,915.733
643,131,-123.859,915.186
643,132,-122.484,914.639
643,133,-117.147,885.052
643,134,-121.502,884.484
643,135,-127.77,877.96
643,136,-117.442,877.338
643,137,-125.429,876.717
643,138,-116.979,876.096
643,139,-118.097,732.73
643,140,-129.46,882.556
643,141,-125.149,881.874
643,142,-128.336,934.325
643,143,-129.73,933.673
643,144,-126.79,903.078
643,145,-138.621,902.446
643,146,-134.083,901.813
643,147,-132.52,1044.73
643,148,-128.596,1044.06
643,149,-126.055,1043.39
643,150,-131.371,1042.72
643,151,-137.916,1104.86
643,152,-126.907,1104.19
643,153,-130.671,1103.51
643,154,-128.589,1160.23
643,155,-129.179,1159.56
643,156,-135.017,1354.44
643,157,-141.034,1353.77
643,158,-139.401,1436.73
643,159,-134.05,1436.06
643,160,-131.92,1417.97
643,161,-135.493,1417.32
643,162,-133.649,1387.28
643,163,-132.58,1386.64
643,164,-124.748,1370.72
643,165,-132.215,1370.09
643,166,-133.247,1369.47
643,167,-133.35,1368.84
643,168,-131.702,1046.2
643,169,-124.549,1045.49
643,170,-124.992,1082.73
643,171,-121.918,1082.04
643,172,-134.281,1215.36
643,173,-142.431,1214.67
643,174,-120.804,1141.61
643,175,-120.348,1140.9
643,176,-129.656,1330.96
643,177,-128.279,1330.27
643,178,-130.049,1470.77
643,179,-124.477,1470.07
643,180,-136.609,1445.29
643,181,-127.459,1444.58
643,182,-138.945,1309.36
643,183,-131.173,1308.66
643,184,-126.617,1206.09
643,185,-128.046,1205.39
643,186,-134.836,1263.32
643,187,-135.244,1262.62
643,188,-134.591,1713.67
643,189,-133.531,1712.98
643,190,-141.272,1807.99
643,191,-141.342,1807.39
643,192,-126.849,1806.78
643,193,-141.655,1693.5
643,194,-145.707,1692.89
643,195,-141.475,1734.45
643,196,-137.859,1733.81
643,197,-137.342,1733.17
643,198,-134.29,1746.85
643,199,-130.37,1746.17
643,200,-135.73,1745.5
643,201,-140.223,1646.89
643,202,-133.03,1646.23
643,203,-132.996,1601.36
643,204,-141.96,1600.7
643,205,-131.636,1600.05
643,206,-135.842,1515.26
643,207,-135.453,1514.62
643,208,-140.622,1513.98
643,209,-137.786,1457.71
643,210,-135.368,1457.06
643,211,-129.716,1456.41
643,212,-132.661,1668.64
643,213,-143.336,1667.94
643,214,-127.747,1450.37
643,215,-143.418,1449.77
643,216,-133.797,1449.17
643,217,-138.625,1597.41
643,218,-134.365,1323.89
643,219,-136.939,1564.46
643,220,-141.322,1563.83
643,221,-105.285,346.453
643,222,-114.338,382.24
643,223,-132.208,1380.6
643,224,-127.914,1386.35
643,225,-132.777,1389.16
643,226,-129.776,1407.81
643,227,-129.467,1422.34
643,228,-127.126,1425.04
643,229,-133.681,1383.49
643,230,-127.624,1337.88
643,231,-129.814,1382.7
643,232,-126.979,1382.7
643,233,-137.093,1382.7
643,234,-129.095,1382.7
643,235,-130.554,1435.61
643,236,-135.212,1435.61
643,237,-130.093,1417.8
643,238,-134.891,1417.8
643,239,-135.545,1592.31
643,240,-140.049,1464.87
643,241,-141.066,1551.18
643,242,-145.578,1679.81
643,243,-130.252,1703.21
643,244,-135.748,1650.81
643,245,-137.694,1655.44
643,246,-130.181,1653.07
643,247,-131.291,1673.2
643,248,-137.462,1713.87
643,249,-134.32,1572.6
643,250,-143.753,1555.04
643,251,-131.838,1620.11
643,252,-141.103,1560.44
643,253,-125.866,1274.71
643,254,-129.875,1272.73
643,255,-127.898,1282.11
643,256,-133.667,1256.64
643,257,-126.859,1274.54
643,258,-127.875,1281.02
643,259,-129.536,1281.02
643,260,-136.692,1281.02
643,261,-128.735,1281.02
643,262,-127.695,1281.02
643,263,-135.059,1281.02
643,264,-122.865,1261.3
643,265,-125.716,1213.31
643,266,-129.013,1208.59
643,267,-133.745,1188.41
643,268,-129.659,1221.7
643,269,-130.926,1126.55
643,270,-130.907,1164.89
643,271,-132.807,1125.91
643,272,-129.324,1176.59
643,273,-127.96,1117.2
643,274,-129.558,1117.2
643,275,-134.281,1117.2
643,276,-126.907,1117.2
643,277,-127.393,1117.2
643,278,-127.198,1067.96
643,279,-124.382,1067.96
643,280,-127.337,966.356
643,281,-134.52,1030
643,282,-128.941,1099.52
643,283,-127.941,1098.93
643,284,-126.601,1086.56
643,285,-128.635,1056.25
643,286,-129.772,1103.33
643,287,-137.7,1103.33
643,288,-133.57,1113.64
643,289,-126.611,1186.69
643,290,-129.048,1218.05
643,291,-126.05,1158.63
643,292,-125.647,1097.4
643,293,-133.419,1160.76
643,294,-126.458,1087.29
643,295,-122.497,1077.02
643,296,-131.793,1107.49
643,297,-129.508,1107.49
643,298,-123.787,1107.49
643,299,-131.014,1118.33
643,300,-121.741,1055.42
643,301,-137.794,1062.57
643,302,-123.256,1062.57
643,303,-128.29,1060.52
643,304,-126.222,1145.06
643,305,-142.298,1145.06
643,306,-126.684,1142.97
643,307,-134.528,1142.97
643,308,-133.411,1142.97
643,309,-133.943,1142.97
643,310,-135.572,1130.71
643,311,-130.063,1033.63
643,312,-127.837,1029.07
643,313,-131.304,1026.31
643,314,-127.658,1048.29
643,315,-124.581,1068.74
643,316,-133.476,1041.95
643,317,-121.842,961.033
643,318,-120.62,961.033
643,319,-143.094,968.409
643,320,-124.8,933.54
643,321,-126.439,961.033
643,322,-127.817,961.033
643,323,-121.434,924.077
643,324,-133.785,1010.39
643,325,-143.839,985.188
643,326,-129.539,985.188
643,327,-127.24,985.188
643,328,-128.196,985.188
643,329,-127.936,985.188
643,330,-132.181,985.188
643,331,-142.308,1010.31
643,332,-122.066,1052.67
643,333,-125.769,1042.88
643,334,-125.176,1011.01
643,335,-128.387,1120.89
643,336,-121.787,1052.46
643,337,-129.822,1130.42
643,338,-120.563,1132.74
643,339,-130.076,1011.96
643,340,-124.488,1024.48
643,341,-133.082,1108.6
643,342,-125.454,1154.17
643,343,-123.363,1153.54
643,344,-123.153,1117.7
643,345,-132.039,1213.09
643,346,-140.082,1213.09
643,347,-126.563,1230.49
643,348,-129.992,1231.09
643,349,-133.585,1231.09
643,350,-125.529,1231.09
643,351,-124.491,1255.49
643,352,-130.434,1255.49
643,353,-146.363,1562.97
643,354,-129.047,1472.54
643,355,-135.365,1525.51
643,356,-136.947,1426.97
643,357,-129.325,1426.97
643,358,-127.527,1332.74
643,359,-128.469,1382.05
643,360,-132.471,1399.13
643,361,-137.267,1429.64
643,362,-148.128,1400.31
643,363,-126.855,1398.4
643,364,-145.562,1470.3
643,365,-130.674,1473.8
643,366,-133.615,1434.25
643,367,-140.542,1454.44
643,368,-136.069,1399.13
643,369,-132.898,1383.93
643,370,-132.322,1383.93
643,371,-135.411,1352.83
643,372,-130.259,1352.83
643,373,-133.259,1290.93
643,374,-126.318,1290.93
643,375,-125.979,1290.93
643,376,-148.187,1353.15
643,377,-123.784,1268.16
643,378,-134.55,1382.7
643,379,-133.215,1268.38
643,380,-126.146,1381.67
643,381,-131.745,1338.06
643,382,-136.649,1397.75
643,383,-126.155,1145.75
643,384,-133.395,1145.75
643,385,-125.827,1121.76
643,386,-134.64,1282.07
643,387,-133.229,1400.4
643,388,-127.742,1561.64
643,389,-132.516,1565.59
643,390,-128.956,1496.4
643,391,-143.075,1458.92
643,392,-138.247,1597.28
643,393,-122.829,809.46
643,394,-116.319,809.46
643,395,-118.478,766.027
643,396,-122.772,744.019
643,397,-118.698,775.099
643,398,-123.362,714.747
643,399,-126.502,691.153
643,400,-118.627,780.408
643,401,-118.262,809.649
643,402,-119.216,809.649
643,403,-118.838,809.649
643,404,-113.285,659.298
643,405,-121.815,659.298
643,406,-124.109,649.415
643,407,-120.019,658.538
643,408,-114.725,640.05
643,409,-121.164,812.256
643,410,-118.62,812.256
643,411,-120.321,739.42
643,412,-119.59,777.577
643,413,-120.22,726.155
643,414,-120.27,686.4
643,415,-120.958,854.92
643,416,-123.401,930.943
643,417,-117.045,601.994
643,418,-117.852,595.564
643,419,-122.688,457.726
643,420,-123.927,505.565
643,421,-109.621,424.988
643,422,-120.949,878.216
643,423,-130.958,923.828
643,424,-141.489,950.582
643,425,-125.442,917.34
643,426,-133.621,791.556
643,427,-118.844,791.556
643,428,-115.105,741.425
643,429,-114.856,741.425
643,430,-117.997,683.3
643,431,-112.541,570.716
643,432,-117.539,570.716
643,433,-112.022,524.716
643,434,-127.403,522.108
643,435,-119.457,533.819
643,436,-108.753,574.59
643,437,-112.368,622.944
643,438,-123.549,654.395
643,439,-130.058,800.341
643,440,-119.89,530.97
643,441,-112.106,513.924
643,442,-118.178,565.481
643,443,-114.602,667.668
643,444,-109.494,467.181
643,445,-127.071,1105.48
643,446,-137.497,1090.96
643,447,-127.861,1038.78
643,448,-124.888,1035.17
643,449,-124.522,1038.9
643,450,-123.736,996.94
643,451,-127.821,1046.66
643,452,-133.585,1278.02
643,453,-129.229,1303.15
643,454,-134.037,1540.81
643,455,-137.94,1590.93
643,456,-136.129,1573.16
643,457,-136.456,1573.16
643,458,-131.639,1573.16
643,459,-127.435,1652.13
643,460,-132.655,1685.36
643,461,-137.304,1674.66
643,462,-129.615,1651.94
643,463,-132.181,1644.11
643,464,-136.265,1635.89
643,465,-135.667,1699.87
643,466,-137.895,1694.59
643,467,-134.415,1670.58
643,468,-135.151,1670.58
643,469,-119.083,854.538
643,470,-115.563,862.788
643,471,-122.555,1012.97
643,472,-120.442,1054.79
643,473,-123.851,1075.12
643,474,-134.587,1058.35
643,475,-128.095,997.072
643,476,-136.891,972.805
643,477,-135.973,972.805
643,478,-133.625,1076.61
643,479,-126.107,1111.63
643,480,-138.59,1090.49
643,481,-124.241,1090.49
643,482,-142.405,1300.59
643,483,-133.259,1264.08
643,484,-116.501,899.513
643,485,-125.027,1060.35
643,486,-119.953,1020.08
643,487,-134.751,943.828
643,488,-122.21,965.794
643,489,-122.34,965.794
643,490,-135.703,964.309
643,491,-124.913,943.828
643,492,-123.257,980.398
643,493,-119.918,965.794
643,494,-127.896,980.398
643,495,-128.596,1224.49
643,496,-125.855,847.596
643,497,-126.286,846.956
643,498,-128.664,771.574
643,499,-132.39,1468.09
643,500,-133.816,1568.24
643,501,-135.884,1702.41
643,502,-134.117,1710.2
643,503,-140.372,1751.74
643,504,-143.73,1757.72
643,505,-142.131,1752.24
643,506,-141.882,1787.57
643,507,-133.914,1849.05
643,508,-136.862,1667.39
643,509,-131.882,1579.63
643,510,-135.332,1873.75
643,511,-111.454,589.786
643,512,-118.853,587.512
643,513,-116.824,589.294
643,514,-113.128,591.508
643,515,-105.504,363.075
643,516,-114.417,436.836
643,517,-107.84,459.119
643,518,-122.365,483.626
643,519,-113.789,492.29
643,520,-115.562,500.546
643,521,-112.889,591.403
643,522,-83.9667,145.804
643,523,-92.1939,163.96
643,524,-88.2043,178.366
643,525,-105.407,299.161
643,526,-133.175,1577.95
643,527,-118.319,779.166
643,528,-119.58,814.565
643,529,-118.195,814.311
643,530,-122.663,820.605
643,531,-124.634,822.321
643,532,-119.893,787.497
643,533,-138.163,823.959
643,534,-121.75,833.793
643,535,-138.87,954.454
643,536,-124.411,960.757
643,537,-97.3039,282.726
643,538,-102.654,231.376
643,539,-105.719,345.131
643,540,-101.384,298.555
643,541,-68.8562,47.6532
643,542,-87.4203,163.351
643,543,-111.943,367.81
643,544,-117.889,874.904
643,545,-143.766,1224.66
643,546,-134.188,2227.52
643,547,-133.068,1315.59
643,548,-100.359,342.336
643,549,-138.253,1561.02
643,550,-111.937,662.682
643,551,-140.877,1616.06
643,552,-150.065,1852.59
643,553,-104.474,395.057
643,554,-116.771,682.281
643,555,-132.059,1080.18
643,556,-132.713,1112.26
643,557,-129.162,1712.42
643,558,-117.715,789.421
643,559,-126.57,884.252
643,560,-109.46,474.357
643,561,-139.781,1550.15
643,562,-117.286,832.099
643,563,-136.972,1152.05
643,564,-126.633,1055.84
643,565,-136.9,1842.21
643,566,-121.249,782.645
643,567,-140.961,2201.98
643,568,-120.951,815.819
643,569,-139.214,2153.73
643,570,-147.329,1414.84
643,571,-142.337,1990.3
643,572,-78.0856,63.3931
643,573,-135.774,1449.43
643,574,-121.204,947.739
643,575,-127.807,912.746
643,576,-131.656,1416.14
643,577,-110.251,463.044
643,578,-139.741,1700.43
643,579,-107.881,379.781
643,580,-109.886,529.072
643,581,-123.567,1090.89
643,582,-139.443,2006.83
643,583,-138.305,1978.16
643,584,-121.714,839.305
643,585,-128.47,950.579
643,586,-132.913,1316.74
643,587,-137.174,847.161
643,588,-124.585,1096.67
643,589,-135.009,1376.5
643,590,-126.811,1063.77
643,591,-128.343,1411.56
643,592,-123.079,977.817
643,593,-86.3892,171.99
643,594,-131.742,1408.66
643,595,-121.351,520.315
643,596,-141.206,627.609
643,597,-137.984,1558.77
643,598,-137.707,1035.09
643,599,-136.306,1619.61
643,600,-123.822,1088.95
643,601,-143.394,1379.41
643,602,-130.436,1182.42
643,603,-134.239,1387.2
643,604,-137.607,1323.74
643,605,-125.719,1414.02
643,606,-136.262,1554.18
643,607,-134.197,1428.67
643,608,-138.046,1789.2
643,609,-142.769,1558
643,610,-141.634,1869.14
643,611,-108.556,526.779
643,612,-113.67,471.71
643,613,-126.85,1173.42
643,614,-122.62,1117.9
643,615,-122.788,983.866
643,616,-119.187,969.809
643,617,-127.371,979.707
643,618,-129.484,1413.09
643,619,-134.655,1181.41
643,620,-126.677,1441.65
643,621,-124.287,1273.32
643,622,-127.024,1352.31
643,623,-122.143,729.972
643,624,-125.834,1175.64
643,625,-136.045,906.578
643,626,-125.655,984.417
643,627,-130.089,1251.08
643,628,-126.626,1160.61
643,629,-138.051,1034.3
643,630,-134.545,1116.39
643,631,-133.41,1460.54
643,632,-126.089,1120.86
643,633,-114.636,478.879
643,634,-131.51,1513.93
643,635,-125.525,1236.22
643,636,-123.557,1190.69
643,637,-126.434,1452.29
643,638,-135.805,1955.24
643,639,-134.377,1488.61
643,640,-124.171,1067.11
643,641,-127.392,1066.52
643,642,-119.693,1065.94
644,0,-133.85,1878.76
644,1,-135.782,1866.87
644,2,-140.858,1358.24
644,3,-143.286,1501.31
644,4,-107.092,337.489
644,5,-139.587,2083.33
644,6,-104.132,267.298
644,7,-125.454,873.91
644,8,-140.571,1718.35
644,9,-135.392,1624.54
644,10,-137.891,1985.02
644,11,-128.955,875.939
644,12,-124.294,947.271
644,13,-100.33,323.762
644,14,-109.808,449.507
644,15,-93.6614,187.539
644,16,-131.482,2036.66
644,17,-73.573,62.3925
644,18,-136.814,1387.63
644,19,-139.568,1638.07
644,20,-131.829,1287.36
644,21,-126.063,1162.56
644,22,-128.591,1339.38
644,23,-133.243,1195.12
644,24,-146.957,2177.13
644,25,-122.544,881.446
644,26,-122.913,824.153
644,27,-122.474,553.166
644,28,-137.564,1915.56
644,29,-130.72,1541.85
644,30,-132.877,1833.65
644,31,-163.99,1942.7
644,32,-135.664,2051.66
644,33,-137.164,1712.58
644,34,-120.234,825.319
644,35,-138.464,2084.74
644,36,-138.504,1780.43
644,37,-142.075,1466.28
644,38,-120.679,794.603
644,39,-130.593,997.272
644,40,-132.539,1766.21
644,41,-141.268,1791.3
644,42,-123.183,855.029
644,43,-125.843,965.539
644,44,-121.211,924.224
644,45,-75.4973,78.2081
644,46,-113.092,409.807
644,47,-124.055,818.42
644,48,-128.512,819.068
644,49,-130.361,819.715
644,50,-130.859,820.362
644,51,-126.944,880.855
644,52,-121.668,760.423
644,53,-118.468,760.997
644,54,-133.646,1230.68
644,55,-126.274,1287.06
644,56,-127.616,1287.66
644,57,-142.311,1477.38
644,58,-126.076,1454.66
644,59,-133.294,1455.22
644,60,-139.25,1468.54
644,61,-130.183,1469.07
644,62,-146.39,1968.78
644,63,-143.283,1969.26
644,64,-139.645,1940.09
644,65,-141.223,1940.56
644,66,-131.652,1930.37
644,67,-135.631,1930.85
644,68,-136.058,1604.09
644,69,-134.638,1604.59
644,70,-129.243,1554.15
644,71,-142.193,1554.65
644,72,-140.108,1913.28
644,73,-134.368,1913.89
644,74,-135.74,1919.85
644,75,-140.945,1963.09
644,76,-144.646,2045.98
644,77,-136.681,2046.42
644,78,-138.045,2030.94
644,79,-130.182,1920.14
644,80,-135.399,1920.57
644,81,-138.009,1921.01
644,82,-134.797,1550.49
644,83,-132.973,1550.95
644,84,-135.083,1240.21
644,85,-128.056,1240.52
644,86,-130.917,1240.83
644,87,-127.081,1241.14
644,88,-134.043,1237.26
644,89,-133.7,1237.44
644,90,-129.602,1313.6
644,91,-128.179,1314.01
644,92,-125.377,1192.21
644,93,-140.607,1192.68
644,94,-131.076,1694.83
644,95,-134.837,1695.3
644,96,-136.46,1783.24
644,97,-139.622,1783.71
644,98,-135.6,2139.02
644,99,-142.448,2139.37
644,100,-141.348,2139.72
644,101,-140.088,2140.06
644,102,-140.155,2137.89
644,103,-142.006,2138.21
644,104,-135.247,1883.2
644,105,-140.119,1883.35
644,106,-135.248,1883.49
644,107,-137.6,1883.64
644,108,-132.298,1883.79
644,109,-157.319,1844.52
644,110,-137.144,1844.68
644,111,-146.911,1878.73
644,112,-139.584,1878.91
644,113,-137.881,2005.76
644,114,-141.286,2005.94
644,115,-132.899,2006.12
644,116,-141.946,2006.3
644,117,-140.062,2092.22
644,118,-135.536,2092.48
644,119,-136.014,2092.73
644,120,-141.609,2092.99
644,121,-145.273,2055.84
644,122,-161.62,2056.13
644,123,-145.251,1991.46
644,124,-139.1,1991.78
644,125,-140.891,1992.09
644,126,-132.884,1992.41
644,127,-139.485,1887.81
644,128,-132.449,1888.16
644,129,-134.578,1888.51
644,130,-136.448,1768.5
644,131,-138.138,1768.87
644,132,-136.315,1769.24
644,133,-133.916,1722.47
644,134,-132.809,1722.85
644,135,-137.791,1599.07
644,136,-135.445,1599.45
644,137,-128.332,1599.83
644,138,-138.046,1600.21
644,139,-129.896,1578.84
644,140,-130.684,1401.54
644,141,-141.575,1401.93
644,142,-137.451,1505.05
644,143,-130.536,1505.41
644,144,-137.275,1566.97
644,145,-136.713,1567.35
644,146,-131.605,1567.72
644,147,-124.325,1409.6
644,148,-130.236,1409.92
644,149,-129.101,1410.24
644,150,-131.122,1410.56
644,151,-134.315,1366.45
644,152,-150.068,1366.74
644,153,-131.69,1367.04
644,154,-129.791,1358.41
644,155,-125.419,1358.68
644,156,-140.22,1380.91
644,157,-138.959,1381.09
644,158,-139.733,1427.47
644,159,-137.321,1427.6
644,160,-132.7,1492.68
644,161,-143.358,1492.83
644,162,-139.078,1568.92
644,163,-129.972,1569.09
644,164,-140.905,1621.57
644,165,-125.379,1621.75
644,166,-138.605,1621.94
644,167,-135.603,1622.12
644,168,-126.9,1067.12
644,169,-138.236,1067.51
644,170,-125.056,921.273
644,171,-125.155,921.71
644,172,-120.129,787.432
644,173,-140.594,787.837
644,174,-128.21,1005.97
644,175,-126.279,1006.31
644,176,-121.729,748.478
644,177,-125.303,748.786
644,178,-126.066,747.11
644,179,-112.661,747.277
644,180,-130.72,982.37
644,181,-124.499,982.504
644,182,-132.767,978.338
644,183,-131.2,978.572
644,184,-123.599,988.144
644,185,-124.362,988.45
644,186,-123.569,816.025
644,187,-121.624,816.36
644,188,-124.915,617.994
644,189,-118.404,617.934
644,190,-74.0253,84.8031
644,191,-92.5603,85.5084
644,192,-78.4419,86.2137
644,193,-97.885,184.755
644,194,-92.3898,185.39
644,195,-99.9777,214.001
644,196,-107.017,214.183
644,197,-93.5087,214.369
644,198,-108.857,393.466
644,199,-105.946,393.412
644,200,-101.572,393.359
644,201,-103.038,362.216
644,202,-106.435,362.392
644,203,-103.803,354.495
644,204,-105.359,354.796
644,205,-110.542,355.098
644,206,-108.222,389.136
644,207,-108.609,389.603
644,208,-117.689,390.072
644,209,-105.465,455.384
644,210,-103.767,455.843
644,211,-110.37,456.304
644,212,-123.128,673.451
644,213,-122.755,673.434
644,214,-108.804,431.301
644,215,-112.734,431.953
644,216,-106.426,432.604
644,217,-111.623,345.027
644,218,-114.882,560.639
644,219,-99.9582,317.605
644,220,-115.505,318.161
644,221,-134.46,2017.38
644,222,-142.064,2036.62
644,223,-120.522,963.246
644,224,-120.688,940.183
644,225,-129.701,921.682
644,226,-126.716,848.34
644,227,-121.075,812.72
644,228,-118.662,787.264
644,229,-120.104,922.327
644,230,-119.721,788.029
644,231,-129.492,1396.65
644,232,-134.412,1396.65
644,233,-147.435,1396.65
644,234,-133.09,1396.65
644,235,-116.47,544.096
644,236,-112.282,544.096
644,237,-117.992,574.523
644,238,-121.472,574.523
644,239,-108.915,608.011
644,240,-111.657,592.158
644,241,-111.195,714.064
644,242,-112.814,634.006
644,243,-110.098,516.711
644,244,-107.841,456.537
644,245,-106.8,450.849
644,246,-106.772,469.851
644,247,-110.948,429.026
644,248,-111.775,451.041
644,249,-109.145,490.783
644,250,-115.866,516.124
644,251,-106.132,427.162
644,252,-125.424,738.21
644,253,-118.181,993.318
644,254,-118.545,866.169
644,255,-124.607,891.705
644,256,-135.405,858.115
644,257,-129.288,810.348
644,258,-124.119,887.691
644,259,-119.539,887.691
644,260,-129.468,887.691
644,261,-119.306,887.691
644,262,-126.3,887.691
644,263,-124.679,887.691
644,264,-117.64,798.57
644,265,-128.059,909.911
644,266,-123.282,864.83
644,267,-125.856,874.698
644,268,-119.465,835.008
644,269,-121.716,836.181
644,270,-124.186,944.035
644,271,-133.28,981.853
644,272,-126.538,880.696
644,273,-124.775,923.945
644,274,-121.785,923.945
644,275,-124.955,923.945
644,276,-121.356,923.945
644,277,-117.423,923.945
644,278,-116.941,811.845
644,279,-115.276,811.845
644,280,-123.269,913.779
644,281,-130.446,851.346
644,282,-124.036,781.234
644,283,-120.653,792.889
644,284,-124.244,809.828
644,285,-129.176,1127.03
644,286,-134.2,1146.18
644,287,-126.036,1146.18
644,288,-129.044,1180.42
644,289,-127.139,1022.4
644,290,-128.987,1340.06
644,291,-130.567,1124.63
644,292,-126.46,1191.47
644,293,-137.622,1231.1
644,294,-135.735,1313.34
644,295,-130.817,1262.73
644,296,-132.411,1352.16
644,297,-131.051,1352.16
644,298,-132.952,1352.16
644,299,-132.751,1356.32
644,300,-136.348,1527.08
644,301,-135.355,1444.16
644,302,-126.991,1444.16
644,303,-133.329,1525.48
644,304,-139.525,1466.94
644,305,-130.762,1466.94
644,306,-131.905,1458.43
644,307,-140.836,1458.43
644,308,-137.619,1458.43
644,309,-129.844,1458.43
644,310,-132.353,1557.03
644,311,-141.389,1525.36
644,312,-142.937,1527.35
644,313,-130.818,1527.9
644,314,-131.821,1538.71
644,315,-132.407,1645.69
644,316,-134.432,1626.87
644,317,-141.139,1561.84
644,318,-129.713,1561.84
644,319,-133.699,1602.13
644,320,-133.071,1628.82
644,321,-138.252,1561.84
644,322,-130.565,1561.84
644,323,-140.507,1548.2
644,324,-133.852,1630.96
644,325,-142.133,1721.36
644,326,-131.129,1721.36
644,327,-131.161,1721.36
644,328,-130.833,1721.36
644,329,-138.621,1721.36
644,330,-131.332,1721.36
644,331,-142.019,1723.77
644,332,-139.105,1715.29
644,333,-135.877,1766.72
644,334,-148.757,1866.07
644,335,-127.586,1778.11
644,336,-137.351,1810.87
644,337,-139.867,1804.47
644,338,-143.012,1795.11
644,339,-134.055,1826.55
644,340,-135.016,1856.81
644,341,-140.23,1932.88
644,342,-137.139,1855.9
644,343,-148.907,1869.45
644,344,-142.674,1988.39
644,345,-136.935,1946.74
644,346,-131.709,1946.74
644,347,-143.894,1896.81
644,348,-136.034,1883.45
644,349,-135.698,1883.45
644,350,-137.91,1883.45
644,351,-140.013,1932.12
644,352,-134.872,1932.12
644,353,-143.172,1831.33
644,354,-132.316,1862.09
644,355,-142.016,2012.74
644,356,-147.182,1869.78
644,357,-132.593,1869.78
644,358,-142.321,1949.52
644,359,-134.133,1941.5
644,360,-130.582,1338.57
644,361,-132.137,1500.8
644,362,-137.705,1576.82
644,363,-135.464,1591.3
644,364,-132.167,1725.52
644,365,-133.822,1725.7
644,366,-133.984,1730.05
644,367,-133.076,1500.39
644,368,-131.345,1338.57
644,369,-134.681,1401.04
644,370,-146.201,1401.04
644,371,-151.208,1485.86
644,372,-131.475,1485.86
644,373,-135.325,1553.09
644,374,-136.322,1553.09
644,375,-144.348,1553.09
644,376,-131.699,1586.44
644,377,-127.949,1525.81
644,378,-133.749,1396.65
644,379,-125.469,1238.66
644,380,-127.428,1348.8
644,381,-131.545,1359.03
644,382,-127.471,1248.44
644,383,-133.307,1688.32
644,384,-141.916,1688.32
644,385,-135.437,1649.65
644,386,-145.264,1852.29
644,387,-130.721,1705.73
644,388,-134.811,1999.12
644,389,-146.754,2077.07
644,390,-141.905,2081.76
644,391,-135.06,2151.63
644,392,-139.572,2262.75
644,393,-132.081,1616.28
644,394,-142.453,1616.28
644,395,-137.886,1768.61
644,396,-131.556,1578.93
644,397,-139.939,1586.95
644,398,-130.32,1575.4
644,399,-136.774,1571.13
644,400,-137.334,1668.76
644,401,-140.489,1705.39
644,402,-127.6,1705.39
644,403,-137.102,1705.39
644,404,-141.554,1772.93
644,405,-134.252,1772.93
644,406,-162.69,1725.5
644,407,-135.269,1715.01
644,408,-133.715,1692.93
644,409,-147.363,1775.21
644,410,-133.387,1775.21
644,411,-136.814,1923
644,412,-134.825,1853.73
644,413,-146.914,1878.84
644,414,-131.475,1836.49
644,415,-130.724,1759.04
644,416,-130.019,961.252
644,417,-132.348,1279.18
644,418,-131.355,1283.4
644,419,-126.615,1421.28
644,420,-129.539,1374.26
644,421,-134,1454.8
644,422,-129.646,1389.62
644,423,-133.182,1429.29
644,424,-130.5,1452.36
644,425,-128.963,1517.74
644,426,-141.23,1564.49
644,427,-129.959,1564.49
644,428,-132.048,1565
644,429,-133.736,1565
644,430,-131.773,1560.37
644,431,-132.602,1556.73
644,432,-128.735,1556.73
644,433,-137.622,1655.06
644,434,-134.313,1768.7
644,435,-132.274,1811.6
644,436,-135.292,1892.08
644,437,-147.578,1955.95
644,438,-135.82,1239.44
644,439,-128.125,1089.55
644,440,-128.879,1358.62
644,441,-130.346,1385.95
644,442,-128.774,1329.06
644,443,-139.116,1383.49
644,444,-136.6,1471.69
644,445,-128.61,870.049
644,446,-130.839,904.395
644,447,-125.14,1018.71
644,448,-123.604,1081.61
644,449,-140.406,1151.95
644,450,-124.174,1209.89
644,451,-124.628,955.841
644,452,-117.166,780.219
644,453,-119.322,753.281
644,454,-114.841,371.158
644,455,-109.687,353.81
644,456,-101.612,314.363
644,457,-107.022,314.363
644,458,-103.291,314.363
644,459,-96.6272,262.072
644,460,-114.224,271.296
644,461,-95.5358,256.554
644,462,-98.8731,313.218
644,463,-103.198,325.122
644,464,-114.77,329.472
644,465,-97.7622,304.154
644,466,-98.6146,312.578
644,467,-102.218,213.52
644,468,-98.9722,213.52
644,469,-138.524,1991.74
644,470,-146.474,1999.01
644,471,-142.538,2025.94
644,472,-133.733,1963.76
644,473,-141.887,2046.48
644,474,-140.348,2115.34
644,475,-142.992,2112.76
644,476,-143.029,2020.79
644,477,-139.906,2020.79
644,478,-133.538,2028.46
644,479,-138.282,2139.4
644,480,-141.124,2113.33
644,481,-136.686,2113.33
644,482,-145.538,2099.7
644,483,-139.674,2084.92
644,484,-135.491,1411
644,485,-127.634,1276.13
644,486,-127.346,1270.06
644,487,-131.558,1361.98
644,488,-121.862,1347.32
644,489,-130.32,1347.32
644,490,-146.833,1321.18
644,491,-142.737,1361.98
644,492,-136.502,1391.55
644,493,-130.597,1347.32
644,494,-127.445,1391.55
644,495,-126.353,1200.13
644,496,-135.412,2039.67
644,497,-132.883,2039.78
644,498,-146.828,1983.37
644,499,-115.842,434.105
644,500,-102.79,311.679
644,501,-92.7589,176.58
644,502,-87.5073,174.892
644,503,-100.305,201.582
644,504,-94.1218,168.01
644,505,-94.713,205.333
644,506,-77.5716,95.2547
644,507,-58.7033,31.8232
644,508,-97.097,285.797
644,509,-103.142,345.349
644,510,-90.7513,115.601
644,511,-138.294,1476.53
644,512,-131.359,1488.94
644,513,-130.795,1485.95
644,514,-136.501,1482.18
644,515,-132.135,1673.79
644,516,-138.667,1692.94
644,517,-139.379,1645.36
644,518,-131.985,1622.88
644,519,-140.264,1793.54
644,520,-135.602,1978.64
644,521,-142.803,1948.48
644,522,-135.642,1807.78
644,523,-141.22,1866.33
644,524,-137.076,1936.15
644,525,-135.897,1895.98
644,526,-109.796,345.737
644,527,-132.002,1217.75
644,528,-133.711,1300.69
644,529,-134.59,1303.03
644,530,-132.057,1215.33
644,531,-126.044,1209.67
644,532,-127.402,1176.65
644,533,-127.684,1175.53
644,534,-134.999,1180.89
644,535,-134.044,955.222
644,536,-138.854,979.546
644,537,-139.614,1618.01
644,538,-129.609,1679.81
644,539,-129.597,1533.75
644,540,-134.248,1582.24
644,541,-139.852,1842.44
644,542,-137.43,2010.78
644,543,-139.779,1907.06
644,544,-127.258,1006.84
644,545,-117.779,674.247
644,546,-105.338,377.66
644,547,-124.683,792.019
644,548,-135.527,2079.58
644,549,-131.707,1537.58
644,550,-124.738,1218.79
644,551,-125.649,1204.9
644,552,-106.153,374.19
644,553,-132.97,1874.14
644,554,-123.98,1211.84
644,555,-143.8,1850.09
644,556,-131.798,1187.56
644,557,-135.489,1760.86
644,558,-132.21,1452.13
644,559,-131.203,1702.23
644,560,-144.629,2252.17
644,561,-141.898,1940.21
644,562,-144.87,1087.81
644,563,-142.866,2082.61
644,564,-134.619,1220.42
644,565,-110.661,284.81
644,566,-141.562,1899.36
644,567,-124.292,1236.68
644,568,-131.257,1145.21
644,569,-110.334,364.935
644,570,-117.875,867.543
644,571,-123.9,1117.48
644,572,-135.993,1884.22
644,573,-108.44,453.741
644,574,-132.788,1767.6
644,575,-119.764,1076.71
644,576,-136.832,1935.96
644,577,-136.206,1568.11
644,578,-133.71,1966.04
644,579,-144.318,2120.81
644,580,-151.335,1486.75
644,581,-116.033,792.812
644,582,-99.0436,191.63
644,583,-121.129,814.111
644,584,-140.172,1915.98
644,585,-130.475,1407.69
644,586,-146.375,2164.86
644,587,-140.525,1465.74
644,588,-126.947,1034.19
644,589,-129.435,744.674
644,590,-140.401,2163.96
644,591,-113.495,603.66
644,592,-136.558,1824.3
644,593,-130.541,1878.76
644,594,-137.615,1866.87
644,595,-128.956,1358.24
644,596,-137.98,1501.31
644,597,-98.7311,337.489
644,598,-146.375,2083.33
644,599,-107.334,267.298
644,600,-130.394,873.91
644,601,-134.911,1718.35
644,602,-133.015,1624.54
644,603,-132.545,1985.02
644,604,-121.912,875.939
644,605,-130.824,947.271
644,606,-107.1,323.762
644,607,-129.542,449.507
644,608,-95.6359,187.539
644,609,-142.263,2036.66
644,610,-78.4494,62.3925
644,611,-132.405,1387.63
644,612,-132.884,1638.07
644,613,-137.593,1287.36
644,614,-125.584,1162.56
644,615,-124.519,1339.38
644,616,-125.831,1195.12
644,617,-139.161,2177.13
644,618,-124.464,881.446
644,619,-119.854,824.153
644,620,-121.926,553.166
644,621,-139.463,1915.56
644,622,-141.152,1541.85
644,623,-134.901,1833.65
644,624,-142.53,1942.7
644,625,-139.845,2051.66
644,626,-142.563,1712.58
644,627,-121.418,825.319
644,628,-138.226,2084.74
644,629,-134.275,1780.43
644,630,-146.257,1466.28
644,631,-118.343,794.603
644,632,-118.642,997.272
644,633,-142.073,1766.21
644,634,-131.284,1791.3
644,635,-114.365,855.029
644,636,-119.032,965.539
644,637,-125.843,924.224
644,638,-77.6133,78.2081
644,639,-101.728,409.807
644,640,-124.861,818.42
644,641,-130.067,819.068
644,642,-119.497,819.715
645,0,-135.502,1371.77
645,1,-94.6628,245.06
645,2,-132.82,1474.45
645,3,-124.774,1048.64
645,4,-138.461,1818.52
645,5,-116.201,556.062
645,6,-139.522,1886.71
645,7,-134.349,1379.27
645,8,-105.292,392.221
645,9,-108.824,527.227
645,10,-96.9428,164.212
645,11,-129.214,1241.54
645,12,-135.579,1164.45
645,13,-134.712,1899.95
645,14,-141.364,1832.18
645,15,-134.656,1929.38
645,16,-85.5739,97.3016
645,17,-134.826,2060.46
645,18,-127.388,1330.5
645,19,-133.408,1118.48
645,20,-127.075,846.616
645,21,-141.277,995.565
645,22,-122.457,885.139
645,23,-152.722,1046.34
645,24,-124.875,683.69
645,25,-135.273,1229.3
645,26,-132.111,1366.6
645,27,-137.288,1575.16
645,28,-102.694,280.039
645,29,-114.637,568.811
645,30,-116.766,809.504
645,31,-105.696,363.966
645,32,-126.67,680.123
645,33,-112.537,599.501
645,34,-128.222,1321.73
645,35,-124.593,417.182
645,36,-128.994,528.778
645,37,-128.471,695
645,38,-142.651,1317.02
645,39,-124.642,1180.77
645,40,-126.214,1064.74
645,41,-105.059,343.392
645,42,-126.26,1292.62
645,43,-129.856,1182.83
645,44,-129.626,1190.72
645,45,-135.04,2174.06
645,46,-147.393,1762.5
645,47,-143.527,1715.4
645,48,-137.725,1715.48
645,49,-132.249,1715.55
645,50,-138.536,1715.63
645,51,-135.205,1624.99
645,52,-147.305,1591.56
645,53,-138.082,1591.58
645,54,-132.346,1417.79
645,55,-142.964,1440.5
645,56,-138.495,1440.76
645,57,-132.035,1411.74
645,58,-130.047,1276.04
645,59,-128.504,1276.37
645,60,-135.642,1185.74
645,61,-133.778,1186.06
645,62,-121.685,953.188
645,63,-117.315,953.752
645,64,-127.326,957.243
645,65,-123.241,957.794
645,66,-127.934,970.642
645,67,-121.721,971.188
645,68,-129.106,1070.36
645,69,-124.186,1070.74
645,70,-123.748,1075.49
645,71,-127.613,1075.84
645,72,-135.968,1556.25
645,73,-134.781,1556.75
645,74,-134.119,1375.96
645,75,-129.732,1348.53
645,76,-121.634,846.842
645,77,-126.126,847.445
645,78,-117.225,719.721
645,79,-129.647,811.477
645,80,-129.236,812.019
645,81,-136.786,812.561
645,82,-120.824,953.578
645,83,-125.076,953.902
645,84,-134.845,920.431
645,85,-125.875,920.419
645,86,-121.937,920.407
645,87,-118.793,920.395
645,88,-128.566,873.702
645,89,-125.386,873.498
645,90,-133.307,988.051
645,91,-121.124,988.198
645,92,-123.918,1157.47
645,93,-135.248,1157.61
645,94,-134.952,954.37
645,95,-125.759,954.79
645,96,-129.584,925.334
645,97,-125.223,925.803
645,98,-114.168,517.166
645,99,-112.599,517.833
645,100,-109.051,518.501
645,101,-120.653,519.169
645,102,-107.724,445.568
645,103,-110.209,446.241
645,104,-116.167,256.507
645,105,-104.315,256.041
645,106,-95.0806,255.575
645,107,-88.6987,255.111
645,108,-98.2448,254.648
645,109,-97.8393,283.413
645,110,-94.721,283.016
645,111,-96.2193,232.197
645,112,-97.9086,231.975
645,113,-85.691,109.001
645,114,-84.6856,108.639
645,115,-95.1897,108.28
645,116,-83.7458,107.925
645,117,-109.793,211.869
645,118,-93.8558,212.519
645,119,-98.5976,213.169
645,120,-94.0947,213.82
645,121,-101.557,296.086
645,122,-100.414,296.699
645,123,-111.163,423.491
645,124,-109.908,424.053
645,125,-106.865,424.616
645,126,-109.065,425.179
645,127,-114.851,545.345
645,128,-106.518,545.832
645,129,-110.633,546.32
645,130,-112.751,638.731
645,131,-127.157,639.132
645,132,-115.085,639.534
645,133,-114.416,681.711
645,134,-119.394,682.085
645,135,-116.842,749.304
645,136,-122.851,749.587
645,137,-120.22,749.87
645,138,-114.321,750.155
645,139,-116.89,889.796
645,140,-123.736,898.494
645,141,-117.624,898.668
645,142,-116.713,771.506
645,143,-122.418,771.699
645,144,-129.378,749.738
645,145,-122.149,749.987
645,146,-118.389,750.236
645,147,-120.378,782.623
645,148,-124.237,782.695
645,149,-120.752,782.767
645,150,-128.118,782.84
645,151,-135.655,793.833
645,152,-122.639,793.844
645,153,-119.094,793.855
645,154,-124.534,780.324
645,155,-121.822,780.286
645,156,-130.976,730.413
645,157,-120.517,730.2
645,158,-147.856,695.432
645,159,-122.757,695.142
645,160,-116.835,625.591
645,161,-126.05,625.315
645,162,-108.304,543.628
645,163,-112.724,543.391
645,164,-115.062,489.205
645,165,-116.827,489
645,166,-118.915,488.796
645,167,-110.235,488.593
645,168,-125.871,1143.45
645,169,-122.071,1143.46
645,170,-129.785,1309.9
645,171,-130.737,1309.91
645,172,-132.962,1392.91
645,173,-140.737,1392.85
645,174,-125.158,1159.05
645,175,-124.309,1159.01
645,176,-128.272,1380.95
645,177,-132.132,1380.83
645,178,-130.282,1364.05
645,179,-123.53,1363.85
645,180,-127.419,1133.66
645,181,-142.508,1133.43
645,182,-140.796,1136.32
645,183,-129.303,1136.17
645,184,-133.25,1151.18
645,185,-128.102,1151.1
645,186,-137.082,1327.4
645,187,-132.815,1327.31
645,188,-131.313,1545.95
645,189,-142.019,1545.67
645,190,-141.317,2095.61
645,191,-137.066,2095.45
645,192,-152.606,2095.29
645,193,-141.175,1992.79
645,194,-153.316,1992.65
645,195,-146.233,1896.57
645,196,-133.578,1896.38
645,197,-141.47,1896.19
645,198,-140.381,1745.55
645,199,-147.124,1745.31
645,200,-141.868,1745.08
645,201,-135.558,1748.42
645,202,-140.415,1748.23
645,203,-134.55,1762.18
645,204,-135.586,1762.01
645,205,-130.05,1761.85
645,206,-135.344,1768.81
645,207,-140.694,1768.69
645,208,-131.081,1768.57
645,209,-138.002,1709.16
645,210,-135.648,1709.05
645,211,-141.216,1708.94
645,212,-133.219,1478.97
645,213,-155.789,1478.69
645,214,-136.425,1873.55
645,215,-141.078,1873.49
645,216,-143.535,1873.43
645,217,-139.445,2062.78
645,218,-134.444,1700.63
645,219,-134.875,1864.64
645,220,-147.103,1864.52
645,221,-136.664,1264.8
645,222,-128.604,1240.08
645,223,-133.634,1147.34
645,224,-124.595,1170.39
645,225,-123.731,1188.88
645,226,-133.778,1262.23
645,227,-125.151,1297.84
645,228,-126.231,1323.37
645,229,-133.883,1188.25
645,230,-144.562,1333.94
645,231,-122.548,717.062
645,232,-127.631,717.062
645,233,-131.737,717.062
645,234,-116.414,717.062
645,235,-129.737,1589.58
645,236,-131.015,1589.58
645,237,-140.244,1558.57
645,238,-133.218,1558.57
645,239,-133.513,1511.87
645,240,-133.903,1522.99
645,241,-129.901,1406.01
645,242,-153.773,1517.3
645,243,-136.032,1625.85
645,244,-137.282,1661.16
645,245,-132.15,1667.25
645,246,-136.516,1649.8
645,247,-137.02,1690.76
645,248,-133.957,1684.88
645,249,-129.706,1619.8
645,250,-138.951,1594.44
645,251,-133.913,1683.93
645,252,-139.665,1385.92
645,253,-123.088,1126.39
645,254,-120.457,1265.2
645,255,-132.987,1233.89
645,256,-134.189,1280.25
645,257,-128.158,1329.36
645,258,-130.74,1238.62
645,259,-127.684,1238.62
645,260,-124.802,1238.62
645,261,-132.107,1238.62
645,262,-129.734,1238.62
645,263,-135.252,1238.62
645,264,-137.684,1349.76
645,265,-127.639,1237.63
645,266,-135.086,1294.48
645,267,-130.535,1293.49
645,268,-126.862,1324.84
645,269,-130.006,1400.27
645,270,-133.097,1220.58
645,271,-138.47,1196.57
645,272,-125.147,1293.02
645,273,-137.136,1276.83
645,274,-136.877,1276.83
645,275,-137.846,1276.83
645,276,-132.075,1276.83
645,277,-131.514,1276.83
645,278,-135.4,1601.71
645,279,-131.615,1601.71
645,280,-134.68,1643.15
645,281,-132.274,1676.52
645,282,-132.279,1699.5
645,283,-137.426,1753.71
645,284,-143.246,1764.13
645,285,-125.766,1066.36
645,286,-119.036,1019.87
645,287,-130.929,1019.87
645,288,-121.402,978.423
645,289,-118.383,1120.33
645,290,-126.042,782.44
645,291,-124.788,1019.61
645,292,-141.746,974.077
645,293,-124.166,907.63
645,294,-129.717,853.685
645,295,-131.524,909.524
645,296,-121.844,806.541
645,297,-115.364,806.541
645,298,-127.884,806.541
645,299,-115.298,797.947
645,300,-124.23,673.563
645,301,-118.841,741.439
645,302,-124.588,741.439
645,303,-119.59,671.932
645,304,-119.11,682.256
645,305,-128.374,682.256
645,306,-122.346,690.977
645,307,-121.475,690.977
645,308,-122.994,690.977
645,309,-110.726,690.977
645,310,-113.433,608.203
645,311,-118.744,688.06
645,312,-120.164,689.279
645,313,-116.864,690.566
645,314,-112.894,668.301
645,315,-123.079,575.021
645,316,-112.481,606.053
645,317,-113.149,709.072
645,318,-126.284,709.072
645,319,-124.341,675.609
645,320,-111.098,685.849
645,321,-123.146,709.072
645,322,-115.755,709.072
645,323,-118.639,746.567
645,324,-118.868,625.592
645,325,-114.614,594.783
645,326,-121.245,594.783
645,327,-120.887,594.783
645,328,-112.028,594.783
645,329,-113.103,594.783
645,330,-120.92,594.783
645,331,-116.012,572.852
645,332,-114.474,543.568
645,333,-110.647,526.817
645,334,-111.169,530.01
645,335,-122.521,458.859
645,336,-108.855,502.65
645,337,-105.945,439.152
645,338,-113.007,441.549
645,339,-127.405,535.335
645,340,-112.773,518.143
645,341,-108.238,430.905
645,342,-109.819,399.861
645,343,-118.408,396.356
645,344,-111.139,427.873
645,345,-108.402,327.137
645,346,-114.85,327.137
645,347,-118.408,321.819
645,348,-104.741,326.126
645,349,-101.439,326.126
645,350,-101.92,326.126
645,351,-95.3913,290.1
645,352,-106.344,290.1
645,353,-101.179,325.633
645,354,-102.385,253.364
645,355,-81.7504,105.101
645,356,-97.3547,240.859
645,357,-103.603,240.859
645,358,-98.711,220.078
645,359,-99.4644,191.606
645,360,-148.456,777.364
645,361,-113.505,619.705
645,362,-111.323,537.118
645,363,-111.683,522.112
645,364,-111.579,397.727
645,365,-103.487,398.588
645,366,-102.012,384.641
645,367,-122.275,626.148
645,368,-121.662,777.364
645,369,-128.693,712.807
645,370,-123.035,712.807
645,371,-118.267,625.041
645,372,-118.642,625.041
645,373,-109.103,561.137
645,374,-111.832,561.137
645,375,-114.64,561.137
645,376,-110.051,524.125
645,377,-120.827,591.085
645,378,-119.578,717.062
645,379,-122.839,875.58
645,380,-132.773,764.874
645,381,-118.5,751.665
645,382,-124.904,866.757
645,383,-107.355,496.595
645,384,-108.415,496.595
645,385,-118.996,538.852
645,386,-113.49,305.716
645,387,-115.212,405.6
645,388,-99.1754,141.643
645,389,-76.8125,59.9331
645,390,-64.1931,43.8875
645,391,-84.2659,125.01
645,392,-89.3594,154.963
645,393,-118.355,798.257
645,394,-122.775,798.257
645,395,-119.091,780.636
645,396,-132.762,879.278
645,397,-133.358,846.003
645,398,-124.241,908.778
645,399,-120.656,933.919
645,400,-117.147,798.585
645,401,-122.025,756.935
645,402,-118.617,756.935
645,403,-114.783,756.935
645,404,-130.065,884.269
645,405,-125.751,884.269
645,406,-119.314,903.81
645,407,-129.779,897.842
645,408,-123.545,923.006
645,409,-124.079,734.759
645,410,-113.122,734.759
645,411,-133.391,809.628
645,412,-121.368,761.992
645,413,-115.383,815.678
645,414,-123.093,853.09
645,415,-123.597,697.919
645,416,-126.397,1476.83
645,417,-127.549,1454.96
645,418,-132.098,1476.2
645,419,-140.239,1464.62
645,420,-131.318,1457.83
645,421,-129.124,1526.77
645,422,-127.011,912.934
645,423,-125.353,842.399
645,424,-120.912,803.286
645,425,-120.469,774.341
645,426,-118.159,845.362
645,427,-126.256,845.362
645,428,-122.238,890.461
645,429,-119.945,890.461
645,430,-124.57,948.473
645,431,-131.463,1065.38
645,432,-144.978,1065.38
645,433,-127.01,1053.75
645,434,-139.511,1021.06
645,435,-124.641,1005.73
645,436,-123.748,971.828
645,437,-123.101,940.104
645,438,-133.029,1398.65
645,439,-130.125,1444.93
645,440,-130.089,1403.38
645,441,-142.334,1367.92
645,442,-129.161,1386.71
645,443,-129.867,1121.47
645,444,-129.92,1287.5
645,445,-133.782,1366.99
645,446,-136.497,1327.55
645,447,-140.163,1210.9
645,448,-127.584,1133.46
645,449,-135.875,1048.65
645,450,-126.732,1010.93
645,451,-126.265,1292.97
645,452,-130.395,1364.43
645,453,-126.334,1386.09
645,454,-131.323,1773.88
645,455,-130.814,1766.68
645,456,-147.759,1851.27
645,457,-136.413,1851.27
645,458,-143.319,1851.27
645,459,-134.433,1860.78
645,460,-142.506,1839.73
645,461,-137.198,1858.25
645,462,-136.177,1798.49
645,463,-138.596,1786.61
645,464,-138.879,1783.04
645,465,-144.342,1807.97
645,466,-134.226,1799.49
645,467,-138.912,1932.54
645,468,-137.285,1932.54
645,469,-119.333,709.527
645,470,-116.584,703.496
645,471,-118.41,552.404
645,472,-128.053,489.385
645,473,-107.274,493.22
645,474,-113.638,549.763
645,475,-117.416,616.365
645,476,-119.982,593.859
645,477,-137.784,593.859
645,478,-106.719,484.157
645,479,-105.863,506.554
645,480,-113.54,512.535
645,481,-109.807,512.535
645,482,-108.327,267.812
645,483,-102.237,301.231
645,484,-122.967,876.789
645,485,-129.113,904.186
645,486,-122.749,932.595
645,487,-118.5,890.078
645,488,-122.219,889.206
645,489,-130.602,889.206
645,490,-121.069,915.927
645,491,-126.29,890.078
645,492,-135.289,837.672
645,493,-125.651,889.206
645,494,-119.312,837.672
645,495,-131.526,921.931
645,496,-115.174,738.054
645,497,-121.997,738.805
645,498,-122.323,794.428
645,499,-136.601,1739.22
645,500,-145.71,1878.38
645,501,-136.568,1976.05
645,502,-148.785,1959.74
645,503,-144.713,1909.49
645,504,-132.477,1942.71
645,505,-135.982,1906.03
645,506,-149.204,2069.1
645,507,-134.746,2080.7
645,508,-134.698,2102.34
645,509,-142.852,2033.24
645,510,-138.114,2188.33
645,511,-122.123,1112.87
645,512,-125.758,1103.59
645,513,-122.112,1104.38
645,514,-126.209,1105.43
645,515,-125.632,1218.34
645,516,-125.577,1128.39
645,517,-136.903,1127.95
645,518,-123.798,1114.62
645,519,-124.314,1048.11
645,520,-122.656,1077.16
645,521,-124.26,970.153
645,522,-129.4,1400.08
645,523,-132.431,1377.24
645,524,-127.287,1389.53
645,525,-126.146,1250.31
645,526,-146.906,2030.72
645,527,-134.428,1204.43
645,528,-135.633,1058.65
645,529,-126.929,1056.27
645,530,-131.099,1157.72
645,531,-127.237,1163.5
645,532,-129.049,1259.26
645,533,-131.409,1210.78
645,534,-138.428,1190.8
645,535,-132.585,1429.29
645,536,-138.432,1360.77
645,537,-130.667,1392.73
645,538,-142.027,1389.73
645,539,-147.248,1515.18
645,540,-146.233,1531.55
645,541,-131.319,1561.7
645,542,-135.139,1670.26
645,543,-149.294,1896.48
645,544,-140.395,1626.21
645,545,-135.92,1591.67
645,546,-148.791,2272.08
645,547,-139.019,1335.75
645,548,-132.98,1868.72
645,549,-119.666,629.875
645,550,-133.407,1461.68
645,551,-153.247,2661.89
645,552,-140.829,2346.94
645,553,-143.565,1913.47
645,554,-125.942,1401.96
645,555,-106.916,467.198
645,556,-137.058,2213.43
645,557,-113.586,511.131
645,558,-137.207,2069.59
645,559,-145.516,2291.34
645,560,-136.795,1952.97
645,561,-87.2583,199.379
645,562,-140.314,1360.75
645,563,-106.44,425.605
645,564,-119.607,964.315
645,565,-133.432,1879.74
645,566,-120.602,760.731
645,567,-150.66,3082.66
645,568,-135.447,1271.76
645,569,-140.888,2145.91
645,570,-144.515,1243.13
645,571,-141.853,2885.21
645,572,-132.13,1601.99
645,573,-139.725,1723.8
645,574,-115.137,609.739
645,575,-129.307,1254.27
645,576,-87.933,181.251
645,577,-131.161,1804.25
645,578,-100.032,303.418
645,579,-134.915,1326.95
645,580,-135.712,1806.5
645,581,-138.369,1715.29
645,582,-140.323,2301.55
645,583,-141.702,1574.84
645,584,-113.937,705.117
645,585,-146.57,2199.03
645,586,-104.669,294.828
645,587,-122.805,870.961
645,588,-119.456,1150.63
645,589,-143.244,2157.44
645,590,-119.182,578.686
645,591,-140.833,2071.89
645,592,-118.114,567.755
645,593,-147.077,1371.77
645,594,-106.562,245.06
645,595,-129.568,1474.45
645,596,-144.485,1048.64
645,597,-133.703,1818.52
645,598,-116.33,556.062
645,599,-144.007,1886.71
645,600,-132.197,1379.27
645,601,-106.59,392.221
645,602,-121.678,527.227
645,603,-89.3127,164.212
645,604,-131.416,1241.54
645,605,-126.396,1164.45
645,606,-136.323,1899.95
645,607,-130.266,1832.18
645,608,-140.665,1929.38
645,609,-77.5251,97.3016
645,610,-132.31,2060.46
645,611,-133.739,1330.5
645,612,-123.634,1118.48
645,613,-118.452,846.616
645,614,-127.25,995.565
645,615,-155.94,885.139
645,616,-125.759,1046.34
645,617,-117.916,683.69
645,618,-128.177,1229.3
645,619,-131.05,1366.6
645,620,-134.109,1575.16
645,621,-98.9369,280.039
645,622,-116.094,568.811
645,623,-117.839,809.504
645,624,-110.239,363.966
645,625,-114.014,680.123
645,626,-120.196,599.501
645,627,-129.583,1321.73
645,628,-114.459,417.182
645,629,-107.558,528.778
645,630,-126.744,695
645,631,-130.411,1317.02
645,632,-125.909,1180.77
645,633,-134.338,1064.74
645,634,-103.184,343.392
645,635,-135.856,1292.62
645,636,-125.021,1182.83
645,637,-137.632,1190.72
645,638,-141.277,2174.06
645,639,-149.287,1762.5
645,640,-140.69,1715.4
645,641,-133.664,1715.48
645,642,-139.377,1715.55
