252,0,-65.8134,177.386
252,1,-96.5599,1409.33
252,2,-87.516,522.123
252,3,-88.3266,629.109
252,4,-105.207,1559.37
252,5,-95.9482,1036
252,6,-104.229,1620.19
252,7,-99.0649,1089.82
252,8,-100.363,1380.1
252,9,-97.3918,1183.21
252,10,-95.9432,1387.88
252,11,-95.8576,1324.46
252,12,-96.5962,1414.68
252,13,-96.9966,1554.78
252,14,-102.229,1429.33
252,15,-98.6019,1789.73
252,16,-97.0613,1558.6
252,17,-104.999,1869.65
252,18,-82.5372,528.566
252,19,-79.4112,473.704
252,20,-92.9365,1174.22
252,21,-95.2392,1118.74
252,22,-98.296,984.824
252,23,-91.7827,970.78
252,24,-91.8709,980.668
252,25,-91.0332,1413.76
252,26,-93.0775,1182.21
252,27,-100.123,1442.3
252,28,-95.69,1274.06
252,29,-91.9502,1353.01
252,30,-86.4124,731.262
252,31,-93.3573,1176.45
252,32,-83.3418,907.617
252,33,-90.2886,985.375
252,34,-95.7148,1251.84
252,35,-102.169,1161.42
252,36,-92.068,1035.21
252,37,-100.604,1117.24
252,38,-92.969,1461.19
252,39,-94.1683,1121.7
252,40,-86.4497,480.843
252,41,-94.679,1514.55
252,42,-95.5447,1236.98
252,43,-94.4526,1191.48
252,44,-96.9764,1452.93
252,45,-104.71,1955.72
252,46,-103.451,1489.24
252,47,-99.0236,1067.99
252,48,-99.0158,1067.4
252,49,-99.008,1066.82
252,50,-99.0002,1066.24
252,51,-92.1851,998.175
252,52,-102.237,1125.47
252,53,-102.229,1124.83
252,54,-87.7748,659.967
252,55,-86.3619,597.671
252,56,-86.3465,597.024
252,57,-75.6372,412.628
252,58,-88.6173,491.476
252,59,-88.5969,490.773
252,60,-89.9417,539.342
252,61,-89.9231,538.64
252,62,-86.6833,616.626
252,63,-86.6751,616.269
252,64,-86.3577,602.698
252,65,-86.3487,602.317
252,66,-85.9761,586.77
252,67,-85.9667,586.383
252,68,-81.2104,537.454
252,69,-81.1931,536.802
252,70,-87.5484,564.784
252,71,-87.5315,564.113
252,72,-49.1384,56.565
252,73,-49.2478,57.0009
252,74,-66.6345,187.907
252,75,-68.0803,237.514
252,76,-85.8657,751.388
252,77,-87.7098,751.06
252,78,-94.5093,861.667
252,79,-86.5485,738.282
252,80,-86.5402,737.852
252,81,-86.5319,737.421
252,82,-89.5659,686.269
252,83,-89.5523,685.615
252,84,-96.5436,1104.26
252,85,-96.5346,1103.57
252,86,-96.5256,1102.87
252,87,-96.5166,1102.17
252,88,-94.4075,1350.68
252,89,-94.4002,1349.99
252,90,-94.1775,879.227
252,91,-94.1662,878.529
252,92,-86.4369,850.342
252,93,-86.425,849.636
252,94,-89.8622,609.027
252,95,-89.8484,608.44
252,96,-95.7954,617.964
252,97,-95.7833,617.441
252,98,-94.4888,1102.79
252,99,-94.4839,1102.41
252,100,-94.4791,1102.04
252,101,-94.4743,1101.67
252,102,-90.7903,1165.72
252,103,-90.7855,1165.33
252,104,-94.9254,1540.97
252,105,-94.9201,1540.4
252,106,-94.9149,1539.83
252,107,-94.9096,1539.26
252,108,-94.9043,1538.69
252,109,-94.6206,1508.35
252,110,-94.6151,1507.78
252,111,-95.5077,1447.72
252,112,-95.5022,1447.16
252,113,-104.423,1515.64
252,114,-104.418,1515.11
252,115,-104.413,1514.59
252,116,-104.408,1514.06
252,117,-89.5756,1347.12
252,118,-89.5708,1346.66
252,119,-89.5659,1346.2
252,120,-89.561,1345.74
252,121,-96.3547,1258.02
252,122,-96.3495,1257.56
252,123,-92.6985,1123.29
252,124,-92.6926,1122.83
252,125,-92.6867,1122.37
252,126,-92.6809,1121.91
252,127,-93.8738,995.103
252,128,-93.8667,994.609
252,129,-93.8596,994.115
252,130,-92.0031,916.762
252,131,-91.9946,916.215
252,132,-91.9861,915.669
252,133,-88.7756,886.116
252,134,-88.7664,885.549
252,135,-95.1488,879.033
252,136,-95.1388,878.412
252,137,-95.1287,877.792
252,138,-95.1186,877.171
252,139,-85.8412,734.015
252,140,-86.5151,883.623
252,141,-86.5041,882.942
252,142,-87.3255,935.333
252,143,-87.3156,934.682
252,144,-95.5498,904.121
252,145,-95.5399,903.49
252,146,-95.5299,902.858
252,147,-90.5946,1045.63
252,148,-90.5854,1044.96
252,149,-90.5763,1044.29
252,150,-90.5671,1043.62
252,151,-91.3907,1105.72
252,152,-91.382,1105.04
252,153,-91.3733,1104.36
252,154,-92.7756,1161.05
252,155,-92.7673,1160.37
252,156,-96.7061,1355.14
252,157,-96.699,1354.47
252,158,-97.5457,1437.38
252,159,-97.5391,1436.72
252,160,-97.3586,1418.64
252,161,-97.352,1417.98
252,162,-92.3136,1387.96
252,163,-92.3071,1387.32
252,164,-93.3742,1371.41
252,165,-93.3677,1370.78
252,166,-93.3612,1370.16
252,167,-93.3547,1369.53
252,168,-90.9376,1047.1
252,169,-90.928,1046.39
252,170,-98.9834,1083.6
252,171,-98.9743,1082.91
252,172,-93.4807,1216.14
252,173,-93.4727,1215.45
252,174,-96.5424,1142.44
252,175,-96.5335,1141.73
252,176,-99.7068,1331.67
252,177,-99.6993,1330.98
252,178,-93.0684,1471.41
252,179,-93.0616,1470.71
252,180,-96.9076,1445.94
252,181,-96.9006,1445.23
252,182,-96.2009,1310.08
252,183,-96.1932,1309.38
252,184,-94.6355,1206.87
252,185,-94.6272,1206.17
252,186,-95.8534,1264.07
252,187,-95.8455,1263.37
252,188,-103.207,1714.22
252,189,-103.201,1713.53
252,190,-100.784,1808.52
252,191,-100.779,1807.91
252,192,-100.774,1807.31
252,193,-104.864,1694.06
252,194,-104.859,1693.45
252,195,-101.28,1734.99
252,196,-101.275,1734.35
252,197,-101.27,1733.71
252,198,-100.802,1747.39
252,199,-100.797,1746.71
252,200,-100.791,1746.04
252,201,-101.073,1647.46
252,202,-101.067,1646.8
252,203,-102.026,1601.95
252,204,-102.02,1601.29
252,205,-102.014,1600.64
252,206,-103.704,1515.88
252,207,-103.698,1515.24
252,208,-103.692,1514.6
252,209,-103.152,1458.36
252,210,-103.146,1457.71
252,211,-103.14,1457.06
252,212,-101.88,1669.21
252,213,-101.874,1668.51
252,214,-102.443,1451.02
252,215,-102.438,1450.42
252,216,-102.432,1449.82
252,217,-93.786,1598
252,218,-91.9575,1324.6
252,219,-105.259,1565.06
252,220,-105.253,1564.44
252,221,-74.9122,349.163
252,222,-96.968,1548.44
252,223,-80.9756,488.353
252,224,-97.306,1870.63
252,225,-94.2687,1453.17
252,226,-85.6871,614.044
252,227,-79.3598,383.577
252,228,-98.5357,1643.61
252,229,-97.5531,1545.55
252,230,-99.1797,1719.59
252,231,-100.605,2076.36
252,232,-93.7677,1054.82
252,233,-105.358,2422.13
252,234,-100.742,1909.82
252,235,-107.153,1920.76
252,236,-52.0623,69.4473
252,237,-99.07,2050.15
252,238,-93.2285,1039.78
252,239,-101.84,1710.21
252,240,-91.5793,1490.87
252,241,-82.7657,578.669
252,242,-79.6347,525.569
252,243,-91.1425,1512.83
252,244,-101.763,1371.87
252,245,-81.429,611.378
252,246,-83.8134,712.354
252,247,-86.5562,819.886
252,248,-94.9817,1285.48
252,249,-94.7214,1500.08
252,250,-104.041,2097.87
252,251,-100.481,1666.53
252,0,-68.9778,177.386
252,1,-94.8966,1409.33
252,2,-79.7106,522.123
252,3,-83.6154,629.109
252,4,-97.7501,1559.37
252,5,-90.3669,1036
252,6,-100.758,1620.19
252,7,-96.5052,1089.82
252,8,-98.0254,1380.1
252,9,-93.192,1183.21
252,10,-100.325,1387.88
252,11,-96.2143,1324.46
252,12,-96.8811,1414.68
252,13,-99.1966,1554.78
252,14,-100.695,1429.33
252,15,-103.314,1789.73
252,16,-99.4874,1558.6
252,17,-102.349,1869.65
252,18,-83.2346,528.566
252,19,-77.3267,473.704
252,20,-95.9361,1174.22
252,21,-96.5842,1118.74
252,22,-92.9959,984.824
252,23,-89.4207,970.78
252,24,-91.4698,980.668
252,25,-98.2943,1413.76
252,26,-88.3905,1182.21
252,27,-100.844,1442.3
252,28,-98.3251,1274.06
252,29,-96.7296,1353.01
252,30,-86.0977,731.262
252,31,-102.722,1176.45
252,32,-92.9035,907.617
252,33,-87.0478,985.375
252,34,-98.565,1251.84
252,35,-92.9122,1161.42
252,36,-93.6157,1035.21
252,37,-90.3381,1117.24
252,38,-97.8213,1461.19
252,39,-89.0168,1121.7
252,40,-75.403,480.843
252,41,-101.868,1514.55
252,42,-98.3949,1236.98
252,43,-93.6596,1191.48
252,44,-97.2613,1452.93
252,45,-104.055,1955.72
252,46,-100.224,1489.24
252,47,-91.642,1067.99
252,48,-91.6342,1067.4
252,49,-91.6264,1066.82
252,50,-91.6186,1066.24
252,51,-90.7314,998.175
252,52,-92.0981,1125.47
252,53,-92.09,1124.83
252,54,-86.4659,659.967
252,55,-85.053,597.671
252,56,-85.0376,597.024
252,57,-80.6958,412.628
252,58,-82.6751,491.476
252,59,-82.6547,490.773
252,60,-83.9995,539.342
252,61,-83.9809,538.64
252,62,-88.8481,616.626
252,63,-88.8399,616.269
252,64,-88.5226,602.698
252,65,-88.5136,602.317
252,66,-88.1409,586.77
252,67,-88.1315,586.383
252,68,-79.126,537.454
252,69,-79.1087,536.802
252,70,-83.8051,564.784
252,71,-83.7882,564.113
252,72,-51.9626,56.565
252,73,-52.072,57.0009
252,74,-69.799,187.907
252,75,-71.2629,237.514
252,76,-88.2922,751.388
252,77,-89.5111,751.06
252,78,-88.33,861.667
252,79,-86.2338,738.282
252,80,-86.2255,737.852
252,81,-86.2172,737.421
252,82,-84.8547,686.269
252,83,-84.8411,685.615
252,84,-92.5316,1104.26
252,85,-92.5226,1103.57
252,86,-92.5136,1102.87
252,87,-92.5046,1102.17
252,88,-88.9886,1350.68
252,89,-88.9813,1349.99
252,90,-92.455,879.227
252,91,-92.4437,878.529
252,92,-93.7108,850.342
252,93,-93.699,849.636
252,94,-87.4238,609.027
252,95,-87.41,608.44
252,96,-85.0794,617.964
252,97,-85.0674,617.441
252,98,-84.5743,1102.79
252,99,-84.5695,1102.41
252,100,-84.5647,1102.04
252,101,-84.5598,1101.67
252,102,-98.5723,1165.72
252,103,-98.5675,1165.33
252,104,-102.114,1540.97
252,105,-102.109,1540.4
252,106,-102.104,1539.83
252,107,-102.098,1539.26
252,108,-102.093,1538.69
252,109,-101.809,1508.35
252,110,-101.804,1507.78
252,111,-97.5186,1447.72
252,112,-97.5131,1447.16
252,113,-98.3793,1515.64
252,114,-98.3744,1515.11
252,115,-98.3695,1514.59
252,116,-98.3645,1514.06
252,117,-96.1266,1347.12
252,118,-96.1217,1346.66
252,119,-96.1169,1346.2
252,120,-96.112,1345.74
252,121,-96.7012,1258.02
252,122,-96.696,1257.56
252,123,-102.063,1123.29
252,124,-102.057,1122.83
252,125,-102.051,1122.37
252,126,-102.045,1121.91
252,127,-97.1587,995.103
252,128,-97.1516,994.609
252,129,-97.1445,994.115
252,130,-95.0651,916.762
252,131,-95.0566,916.215
252,132,-95.0481,915.669
252,133,-85.5348,886.116
252,134,-85.5257,885.549
252,135,-80.6523,879.033
252,136,-80.6423,878.412
252,137,-80.6322,877.792
252,138,-80.6221,877.171
252,139,-90.5828,734.015
252,140,-83.1733,883.623
252,141,-83.1623,882.942
252,142,-83.9838,935.333
252,143,-83.9738,934.682
252,144,-81.0533,904.121
252,145,-81.0434,903.49
252,146,-81.0334,902.858
252,147,-93.827,1045.63
252,148,-93.8179,1044.96
252,149,-93.8087,1044.29
252,150,-93.7996,1043.62
252,151,-94.6232,1105.72
252,152,-94.6145,1105.04
252,153,-94.6057,1104.36
252,154,-95.7752,1161.05
252,155,-95.7669,1160.37
252,156,-96.92,1355.14
252,157,-96.9129,1354.47
252,158,-97.7597,1437.38
252,159,-97.753,1436.72
252,160,-97.5726,1418.64
252,161,-97.566,1417.98
252,162,-97.093,1387.96
252,163,-97.0864,1387.32
252,164,-99.683,1371.41
252,165,-99.6765,1370.78
252,166,-99.67,1370.16
252,167,-99.6635,1369.53
252,168,-94.7121,1047.1
252,169,-94.7025,1046.39
252,170,-96.4237,1083.6
252,171,-96.4146,1082.91
252,172,-88.7937,1216.14
252,173,-88.7856,1215.45
252,174,-88.1093,1142.44
252,175,-88.1005,1141.73
252,176,-100.161,1331.67
252,177,-100.154,1330.98
252,178,-97.9206,1471.41
252,179,-97.9139,1470.71
252,180,-97.1926,1445.94
252,181,-97.1856,1445.23
252,182,-94.8625,1310.08
252,183,-94.8548,1309.38
252,184,-93.8425,1206.87
252,185,-93.8342,1206.17
252,186,-98.7036,1264.07
252,187,-98.6957,1263.37
252,188,-104.075,1714.22
252,189,-104.069,1713.53
252,190,-95.3317,1808.52
252,191,-95.327,1807.91
252,192,-95.3222,1807.31
252,193,-101.393,1694.06
252,194,-101.388,1693.45
252,195,-103.212,1734.99
252,196,-103.206,1734.35
252,197,-103.201,1733.71
252,198,-94.2156,1747.39
252,199,-94.2101,1746.71
252,200,-94.2046,1746.04
252,201,-95.9292,1647.46
252,202,-95.9235,1646.8
252,203,-91.8068,1601.95
252,204,-91.801,1601.29
252,205,-91.7952,1600.64
252,206,-100.477,1515.88
252,207,-100.471,1515.24
252,208,-100.465,1514.6
252,209,-99.9258,1458.36
252,210,-99.9195,1457.71
252,211,-99.9131,1457.06
252,212,-100.647,1669.21
252,213,-100.642,1668.51
252,214,-100.91,1451.02
252,215,-100.904,1450.42
252,216,-100.898,1449.82
252,217,-98.9174,1598
252,218,-91.2358,1324.6
252,219,-97.802,1565.06
252,220,-97.7963,1564.44
252,221,-82.4141,349.163
252,222,-76.1198,428.087
252,223,-71.0955,164.834
252,224,-62.2476,116.41
252,225,-81.7019,570.567
252,226,-93.9784,1251.4
252,227,-76.7615,310.319
252,228,-85.02,681.922
252,229,-91.2935,771.989
252,230,-96.5205,1333.31
252,231,-100.838,1280.67
252,232,-70.8011,312.107
252,233,-99.25,1478.98
252,234,-92.9007,862.541
252,235,-92.038,961.229
252,236,-96.2449,1070.09
252,237,-79.8986,508.268
252,238,-83.4494,517.453
252,239,-104.311,1551.03
252,240,-92.263,533.791
252,241,-92.7898,1150.28
252,242,-100.842,1442.14
252,243,-90.6246,1487.58
252,244,-97.7,1498.35
252,245,-101.903,2301.11
252,246,-105.988,2179.42
252,247,-92.6302,1137.47
252,248,-80.8484,891.209
252,249,-107.53,2101.75
252,250,-100.241,1919.92
252,251,-84.8686,843.672
252,0,-69.9507,177.386
252,1,-93.2498,1409.33
252,2,-87.2377,522.123
252,3,-87.6954,629.109
252,4,-95.5471,1559.37
252,5,-96.3397,1036
252,6,-94.8314,1620.19
252,7,-92.1303,1089.82
252,8,-95.2049,1380.1
252,9,-90.7381,1183.21
252,10,-92.2904,1387.88
252,11,-95.3957,1324.46
252,12,-96.4403,1414.68
252,13,-98.4575,1554.78
252,14,-95.5243,1429.33
252,15,-106.283,1789.73
252,16,-97.299,1558.6
252,17,-103.441,1869.65
252,18,-82.5858,528.566
252,19,-77.6043,473.704
252,20,-89.1307,1174.22
252,21,-93.735,1118.74
252,22,-92.2329,984.824
252,23,-84.4269,970.78
252,24,-82.4288,980.668
252,25,-100.868,1413.76
252,26,-100.063,1182.21
252,27,-103.603,1442.3
252,28,-97.2848,1274.06
252,29,-105.048,1353.01
252,30,-87.4827,731.262
252,31,-94.3422,1176.45
252,32,-87.5195,907.617
252,33,-90.4203,985.375
252,34,-94.5216,1251.84
252,35,-100.798,1161.42
252,36,-85.7555,1035.21
252,37,-87.9572,1117.24
252,38,-101.375,1461.19
252,39,-90.7057,1121.7
252,40,-77.9298,480.843
252,41,-97.0692,1514.55
252,42,-94.3514,1236.98
252,43,-93.256,1191.48
252,44,-96.8205,1452.93
252,45,-99.0434,1955.72
252,46,-96.3985,1489.24
252,47,-94.3242,1067.99
252,48,-94.3164,1067.4
252,49,-94.3086,1066.82
252,50,-94.3008,1066.24
252,51,-92.5493,998.175
252,52,-98.2171,1125.47
252,53,-98.209,1124.83
252,54,-81.9429,659.967
252,55,-80.53,597.671
252,56,-80.5145,597.024
252,57,-82.0333,412.628
252,58,-82.7869,491.476
252,59,-82.7665,490.773
252,60,-84.1112,539.342
252,61,-84.0927,538.64
252,62,-84.6001,616.626
252,63,-84.5918,616.269
252,64,-84.2745,602.698
252,65,-84.2655,602.317
252,66,-83.8928,586.77
252,67,-83.8834,586.383
252,68,-79.4035,537.454
252,69,-79.3862,536.802
252,70,-78.9296,564.784
252,71,-78.9127,564.113
252,72,-50.6628,56.565
252,73,-50.7722,57.0009
252,74,-70.7718,187.907
252,75,-79.0236,237.514
252,76,-87.5947,751.388
252,77,-89.052,751.06
252,78,-91.1413,861.667
252,79,-87.6189,738.282
252,80,-87.6105,737.852
252,81,-87.6022,737.421
252,82,-88.9347,686.269
252,83,-88.9211,685.615
252,84,-97.1781,1104.26
252,85,-97.1692,1103.57
252,86,-97.1602,1102.87
252,87,-97.1512,1102.17
252,88,-96.0652,1350.68
252,89,-96.0579,1349.99
252,90,-88.645,879.227
252,91,-88.6337,878.529
252,92,-89.9889,850.342
252,93,-89.977,849.636
252,94,-88.1509,609.027
252,95,-88.1372,608.44
252,96,-83.2461,617.964
252,97,-83.2341,617.441
252,98,-93.5801,1102.79
252,99,-93.5753,1102.41
252,100,-93.5705,1102.04
252,101,-93.5657,1101.67
252,102,-91.6908,1165.72
252,103,-91.686,1165.33
252,104,-97.3156,1540.97
252,105,-97.3104,1540.4
252,106,-97.3051,1539.83
252,107,-97.2998,1539.26
252,108,-97.2946,1538.69
252,109,-97.0108,1508.35
252,110,-97.0054,1507.78
252,111,-97.1766,1447.72
252,112,-97.1711,1447.16
252,113,-93.9417,1515.64
252,114,-93.9368,1515.11
252,115,-93.9318,1514.59
252,116,-93.9269,1514.06
252,117,-98.5299,1347.12
252,118,-98.5251,1346.66
252,119,-98.5202,1346.2
252,120,-98.5153,1345.74
252,121,-92.6994,1258.02
252,122,-92.6942,1257.56
252,123,-93.6833,1123.29
252,124,-93.6775,1122.83
252,125,-93.6716,1122.37
252,126,-93.6657,1121.91
252,127,-96.7672,995.103
252,128,-96.7601,994.609
252,129,-96.753,994.115
252,130,-95.2516,916.762
252,131,-95.2431,916.215
252,132,-95.2346,915.669
252,133,-88.9073,886.116
252,134,-88.8982,885.549
252,135,-93.5421,879.033
252,136,-93.532,878.412
252,137,-93.5219,877.792
252,138,-93.5119,877.171
252,139,-92.665,734.015
252,140,-90.6462,883.623
252,141,-90.6353,882.942
252,142,-91.4567,935.333
252,143,-91.4468,934.682
252,144,-93.9431,904.121
252,145,-93.9331,903.49
252,146,-93.9232,902.858
252,147,-98.9485,1045.63
252,148,-98.9393,1044.96
252,149,-98.9302,1044.29
252,150,-98.921,1043.62
252,151,-99.7446,1105.72
252,152,-99.7359,1105.04
252,153,-99.7272,1104.36
252,154,-88.9698,1161.05
252,155,-88.9615,1160.37
252,156,-96.9667,1355.14
252,157,-96.9596,1354.47
252,158,-97.8063,1437.38
252,159,-97.7997,1436.72
252,160,-97.6192,1418.64
252,161,-97.6126,1417.98
252,162,-105.411,1387.96
252,163,-105.405,1387.32
252,164,-96.8851,1371.41
252,165,-96.8786,1370.78
252,166,-96.8721,1370.16
252,167,-96.8656,1369.53
252,168,-92.925,1047.1
252,169,-92.9154,1046.39
252,170,-92.0488,1083.6
252,171,-92.0396,1082.91
252,172,-100.466,1216.14
252,173,-100.458,1215.45
252,174,-96.3551,1142.44
252,175,-96.3463,1141.73
252,176,-97.9472,1331.67
252,177,-97.9398,1330.98
252,178,-101.474,1471.41
252,179,-101.468,1470.71
252,180,-96.7517,1445.94
252,181,-96.7448,1445.23
252,182,-92.1448,1310.08
252,183,-92.1371,1309.38
252,184,-93.4389,1206.87
252,185,-93.4306,1206.17
252,186,-94.6601,1264.07
252,187,-94.6522,1263.37
252,188,-95.216,1714.22
252,189,-95.2102,1713.53
252,190,-100.029,1808.52
252,191,-100.024,1807.91
252,192,-100.02,1807.31
252,193,-95.4667,1694.06
252,194,-95.4615,1693.45
252,195,-99.668,1734.99
252,196,-99.6627,1734.35
252,197,-99.6575,1733.71
252,198,-98.0658,1747.39
252,199,-98.0603,1746.71
252,200,-98.0548,1746.04
252,201,-101.074,1647.46
252,202,-101.068,1646.8
252,203,-94.3917,1601.95
252,204,-94.3859,1601.29
252,205,-94.3801,1600.64
252,206,-96.6512,1515.88
252,207,-96.6452,1515.24
252,208,-96.6391,1514.6
252,209,-96.0999,1458.36
252,210,-96.0935,1457.71
252,211,-96.0872,1457.06
252,212,-101.264,1669.21
252,213,-101.258,1668.51
252,214,-95.739,1451.02
252,215,-95.7331,1450.42
252,216,-95.7271,1449.82
252,217,-98.084,1598
252,218,-99.8068,1324.6
252,219,-95.599,1565.06
252,220,-95.5933,1564.44
252,221,-79.5725,349.163
252,222,-102.73,2357.35
252,223,-94.892,1675.69
252,224,-95.604,1494.13
252,225,-87.6739,588.978
252,226,-92.9334,1031.63
252,227,-90.2665,857.904
252,228,-101.509,1587.59
252,229,-87.765,541.804
252,230,-107.545,2067.95
252,231,-101.773,1925.03
252,232,-87.2021,804.058
252,233,-81.1668,694.137
252,234,-84.817,980.649
252,235,-103.458,2203.64
252,236,-98.9278,1404.45
252,237,-90.561,1097.67
252,238,-103.656,2179.16
252,239,-96.0421,1706.6
252,240,-98.6488,1653.53
252,241,-89.7596,940.729
252,242,-103.435,2099.12
252,243,-96.4798,1351.89
252,244,-91.2276,1263.19
252,245,-103.573,1874.16
252,246,-93.664,1613.99
252,247,-96.615,1467.03
252,248,-106.517,1819.31
252,249,-100.443,1746.49
252,250,-99.8504,1316.35
252,251,-94.6934,1434.2
252,0,-61.1046,177.386
252,1,-102.575,1409.33
252,2,-88.1681,522.123
252,3,-83.4738,629.109
252,4,-91.3063,1559.37
252,5,-89.8292,1036
252,6,-91.9777,1620.19
252,7,-96.0443,1089.82
252,8,-96.2892,1380.1
252,9,-92.5831,1183.21
252,10,-100.876,1387.88
252,11,-92.4021,1324.46
252,12,-100.978,1414.68
252,13,-98.0554,1554.78
252,14,-102.584,1429.33
252,15,-96.9669,1789.73
252,16,-98.5756,1558.6
252,17,-101.724,1869.65
252,18,-83.9771,528.566
252,19,-78.0675,473.704
252,20,-93.3175,1174.22
252,21,-92.2878,1118.74
252,22,-91.1166,984.824
252,23,-88.2359,970.78
252,24,-91.182,980.668
252,25,-99.4766,1413.76
252,26,-88.6301,1182.21
252,27,-98.9386,1442.3
252,28,-94.1642,1274.06
252,29,-96.7608,1353.01
252,30,-96.5239,731.262
252,31,-95.738,1176.45
252,32,-93.5448,907.617
252,33,-86.086,985.375
252,34,-97.3753,1251.84
252,35,-95.082,1161.42
252,36,-92.6078,1035.21
252,37,-103.058,1117.24
252,38,-93.3393,1461.19
252,39,-91.7923,1121.7
252,40,-80.6509,480.843
252,41,-99.6674,1514.55
252,42,-97.2051,1236.98
252,43,-96.0703,1191.48
252,44,-101.358,1452.93
252,45,-104.279,1955.72
252,46,-89.3221,1489.24
252,47,-95.8613,1067.99
252,48,-95.8535,1067.4
252,49,-95.8457,1066.82
252,50,-95.8379,1066.24
252,51,-88.9388,998.175
252,52,-91.6418,1125.47
252,53,-91.6337,1124.83
252,54,-90.4769,659.967
252,55,-89.064,597.671
252,56,-89.0486,597.024
252,57,-77.0574,412.628
252,58,-84.6695,491.476
252,59,-84.6491,490.773
252,60,-85.9939,539.342
252,61,-85.9754,538.64
252,62,-82.1668,616.626
252,63,-82.1585,616.269
252,64,-81.8412,602.698
252,65,-81.8322,602.317
252,66,-81.4596,586.77
252,67,-81.4501,586.383
252,68,-79.8667,537.454
252,69,-79.8494,536.802
252,70,-83.779,564.784
252,71,-83.762,564.113
252,72,-57.9388,56.565
252,73,-58.0482,57.0009
252,74,-61.9257,187.907
252,75,-77.0093,237.514
252,76,-88.1886,751.388
252,77,-83.9842,751.06
252,78,-87.8926,861.667
252,79,-96.66,738.282
252,80,-96.6517,737.852
252,81,-96.6434,737.421
252,82,-84.7131,686.269
252,83,-84.6995,685.615
252,84,-94.0349,1104.26
252,85,-94.0259,1103.57
252,86,-94.0169,1102.87
252,87,-94.0079,1102.17
252,88,-103.328,1350.68
252,89,-103.321,1349.99
252,90,-92.9843,879.227
252,91,-92.973,878.529
252,92,-90.886,850.342
252,93,-90.8742,849.636
252,94,-81.7021,609.027
252,95,-81.6884,608.44
252,96,-91.4344,617.964
252,97,-91.4223,617.441
252,98,-91.7907,1102.79
252,99,-91.7858,1102.41
252,100,-91.781,1102.04
252,101,-91.7762,1101.67
252,102,-95.3099,1165.72
252,103,-95.3051,1165.33
252,104,-99.9138,1540.97
252,105,-99.9085,1540.4
252,106,-99.9033,1539.83
252,107,-99.898,1539.26
252,108,-99.8927,1538.69
252,109,-99.609,1508.35
252,110,-99.6035,1507.78
252,111,-94.3414,1447.72
252,112,-94.3359,1447.16
252,113,-101.528,1515.64
252,114,-101.523,1515.11
252,115,-101.519,1514.59
252,116,-101.514,1514.06
252,117,-95.4273,1347.12
252,118,-95.4225,1346.66
252,119,-95.4176,1346.2
252,120,-95.4127,1345.74
252,121,-93.9677,1258.02
252,122,-93.9625,1257.56
252,123,-95.0792,1123.29
252,124,-95.0734,1122.83
252,125,-95.0675,1122.37
252,126,-95.0616,1121.91
252,127,-94.5808,995.103
252,128,-94.5738,994.609
252,129,-94.5667,994.115
252,130,-98.3645,916.762
252,131,-98.356,916.215
252,132,-98.3475,915.669
252,133,-84.573,886.116
252,134,-84.5639,885.549
252,135,-88.5345,879.033
252,136,-88.5244,878.412
252,137,-88.5144,877.792
252,138,-88.5043,877.171
252,139,-91.669,734.015
252,140,-90.3012,883.623
252,141,-90.2902,882.942
252,142,-91.1116,935.333
252,143,-91.1017,934.682
252,144,-88.9355,904.121
252,145,-88.9256,903.49
252,146,-88.9156,902.858
252,147,-91.9953,1045.63
252,148,-91.9861,1044.96
252,149,-91.977,1044.29
252,150,-91.9678,1043.62
252,151,-92.7915,1105.72
252,152,-92.7827,1105.04
252,153,-92.774,1104.36
252,154,-93.1566,1161.05
252,155,-93.1483,1160.37
252,156,-94.8431,1355.14
252,157,-94.836,1354.47
252,158,-95.6827,1437.38
252,159,-95.6761,1436.72
252,160,-95.4956,1418.64
252,161,-95.489,1417.98
252,162,-97.1242,1387.96
252,163,-97.1176,1387.32
252,164,-90.9348,1371.41
252,165,-90.9283,1370.78
252,166,-90.9218,1370.16
252,167,-90.9153,1369.53
252,168,-88.4376,1047.1
252,169,-88.428,1046.39
252,170,-95.9628,1083.6
252,171,-95.9536,1082.91
252,172,-89.0333,1216.14
252,173,-89.0253,1215.45
252,174,-94.7898,1142.44
252,175,-94.7809,1141.73
252,176,-99.8674,1331.67
252,177,-99.8599,1330.98
252,178,-93.4386,1471.41
252,179,-93.4318,1470.71
252,180,-101.289,1445.94
252,181,-101.282,1445.23
252,182,-96.5424,1310.08
252,183,-96.5347,1309.38
252,184,-96.2532,1206.87
252,185,-96.2449,1206.17
252,186,-97.5138,1264.07
252,187,-97.506,1263.37
252,188,-96.2756,1714.22
252,189,-96.2698,1713.53
252,190,-101.547,1808.52
252,191,-101.542,1807.91
252,192,-101.537,1807.31
252,193,-92.613,1694.06
252,194,-92.6078,1693.45
252,195,-93.3726,1734.99
252,196,-93.3673,1734.35
252,197,-93.362,1733.71
252,198,-97.4326,1747.39
252,199,-97.4271,1746.71
252,200,-97.4216,1746.04
252,201,-98.5598,1647.46
252,202,-98.5541,1646.8
252,203,-91.3732,1601.95
252,204,-91.3674,1601.29
252,205,-91.3615,1600.64
252,206,-89.5748,1515.88
252,207,-89.5688,1515.24
252,208,-89.5627,1514.6
252,209,-89.0235,1458.36
252,210,-89.0171,1457.71
252,211,-89.0108,1457.06
252,212,-98.8394,1669.21
252,213,-98.8335,1668.51
252,214,-102.798,1451.02
252,215,-102.792,1450.42
252,216,-102.786,1449.82
252,217,-97.2914,1598
252,218,-94.9234,1324.6
252,219,-91.3582,1565.06
252,220,-91.3525,1564.44
252,221,-79.7525,349.163
252,222,-93.3157,1884.36
252,223,-90.9037,929.646
252,224,-99.5879,1506.12
252,225,-96.8645,1556.9
252,226,-96.1861,1328.37
252,227,-93.6147,1470.45
252,228,-92.7781,1078.13
252,229,-93.4114,1897.05
252,230,-102.152,2194.11
252,231,-100.147,1808.51
252,232,-92.2521,1310.59
252,233,-58.1566,90.9856
252,234,-105.281,2061.59
252,235,-99.1492,1639.98
252,236,-89.9302,635.125
252,237,-99.0212,1315.54
252,238,-94.8109,937.409
252,239,-107.719,2038.33
252,240,-103.013,2309.87
252,241,-80.9868,457.173
252,242,-103.87,1966.47
252,243,-92.183,1304.25
252,244,-96.0767,1092.3
252,245,-101.777,1996.65
252,246,-99.5615,1938.71
252,247,-99.4181,1665.94
252,248,-90.597,902.162
252,249,-96.8688,1393.56
252,250,-105.397,2001.2
252,251,-94.4362,1226.31
252,0,-64.7153,177.386
252,1,-101.962,1409.33
252,2,-87.9408,522.123
252,3,-84.0516,629.109
252,4,-95.1165,1559.37
252,5,-93.2421,1036
252,6,-99.4386,1620.19
252,7,-91.8574,1089.82
252,8,-98.9597,1380.1
252,9,-94.8372,1183.21
252,10,-96.6035,1387.88
252,11,-94.2572,1324.46
252,12,-96.2898,1414.68
252,13,-105.484,1554.78
252,14,-97.6447,1429.33
252,15,-96.8621,1789.73
252,16,-97.5189,1558.6
252,17,-100.12,1869.65
252,18,-81.0909,528.566
252,19,-81.706,473.704
252,20,-94.9196,1174.22
252,21,-97.6213,1118.74
252,22,-87.4698,984.824
252,23,-91.5749,970.78
252,24,-93.0894,980.668
252,25,-90.819,1413.76
252,26,-96.5465,1182.21
252,27,-102.489,1442.3
252,28,-97.3649,1274.06
252,29,-101.388,1353.01
252,30,-86.3569,731.262
252,31,-95.9825,1176.45
252,32,-87.1827,907.617
252,33,-89.2928,985.375
252,34,-95.6271,1251.84
252,35,-95.3147,1161.42
252,36,-92.5843,1035.21
252,37,-94.1704,1117.24
252,38,-97.2147,1461.19
252,39,-94.6805,1121.7
252,40,-78.5289,480.843
252,41,-94.1775,1514.55
252,42,-95.4569,1236.98
252,43,-94.6432,1191.48
252,44,-96.67,1452.93
252,45,-101.453,1955.72
252,46,-99.9515,1489.24
252,47,-91.9653,1067.99
252,48,-91.9575,1067.4
252,49,-91.9497,1066.82
252,50,-91.9419,1066.24
252,51,-94.3914,998.175
252,52,-95.2265,1125.47
252,53,-95.2184,1124.83
252,54,-87.6484,659.967
252,55,-86.2354,597.671
252,56,-86.22,597.024
252,57,-79.6212,412.628
252,58,-80.7051,491.476
252,59,-80.6847,490.773
252,60,-82.0295,539.342
252,61,-82.0109,538.64
252,62,-83.2809,616.626
252,63,-83.2727,616.269
252,64,-82.9553,602.698
252,65,-82.9463,602.317
252,66,-82.5737,586.77
252,67,-82.5643,586.383
252,68,-83.5053,537.454
252,69,-83.488,536.802
252,70,-81.8475,564.784
252,71,-81.8306,564.113
252,72,-51.555,56.565
252,73,-51.6644,57.0009
252,74,-65.5364,187.907
252,75,-70.5015,237.514
252,76,-87.9991,751.388
252,77,-84.2729,751.06
252,78,-87.3976,861.667
252,79,-86.4931,738.282
252,80,-86.4848,737.852
252,81,-86.4765,737.421
252,82,-85.2909,686.269
252,83,-85.2773,685.615
252,84,-99.1543,1104.26
252,85,-99.1453,1103.57
252,86,-99.1363,1102.87
252,87,-99.1273,1102.17
252,88,-96.0868,1350.68
252,89,-96.0795,1349.99
252,90,-97.4586,879.227
252,91,-97.4473,878.529
252,92,-85.2496,850.342
252,93,-85.2378,849.636
252,94,-90.0702,609.027
252,95,-90.0564,608.44
252,96,-89.1263,617.964
252,97,-89.1142,617.441
252,98,-91.7624,1102.79
252,99,-91.7575,1102.41
252,100,-91.7527,1102.04
252,101,-91.7479,1101.67
252,102,-99.0085,1165.72
252,103,-99.0037,1165.33
252,104,-94.4239,1540.97
252,105,-94.4186,1540.4
252,106,-94.4133,1539.83
252,107,-94.4081,1539.26
252,108,-94.4028,1538.69
252,109,-94.119,1508.35
252,110,-94.1136,1507.78
252,111,-103.749,1447.72
252,112,-103.744,1447.16
252,113,-97.7437,1515.64
252,114,-97.7388,1515.11
252,115,-97.7339,1514.59
252,116,-97.7289,1514.06
252,117,-91.059,1347.12
252,118,-91.0541,1346.66
252,119,-91.0493,1346.2
252,120,-91.0444,1345.74
252,121,-93.0457,1258.02
252,122,-93.0405,1257.56
252,123,-95.3237,1123.29
252,124,-95.3178,1122.83
252,125,-95.312,1122.37
252,126,-95.3061,1121.91
252,127,-97.9234,995.103
252,128,-97.9163,994.609
252,129,-97.9092,994.115
252,130,-96.1788,916.762
252,131,-96.1703,916.215
252,132,-96.1618,915.669
252,133,-87.7797,886.116
252,134,-87.7706,885.549
252,135,-89.2521,879.033
252,136,-89.242,878.412
252,137,-89.2319,877.792
252,138,-89.2219,877.171
252,139,-89.2254,734.015
252,140,-95.6691,883.623
252,141,-95.6581,882.942
252,142,-96.4796,935.333
252,143,-96.4697,934.682
252,144,-89.6531,904.121
252,145,-89.6431,903.49
252,146,-89.6332,902.858
252,147,-88.1934,1045.63
252,148,-88.1843,1044.96
252,149,-88.1751,1044.29
252,150,-88.166,1043.62
252,151,-88.9896,1105.72
252,152,-88.9809,1105.04
252,153,-88.9721,1104.36
252,154,-94.7588,1161.05
252,155,-94.7504,1160.37
252,156,-99.8019,1355.14
252,157,-99.7948,1354.47
252,158,-100.642,1437.38
252,159,-100.635,1436.72
252,160,-100.454,1418.64
252,161,-100.448,1417.98
252,162,-101.751,1387.96
252,163,-101.744,1387.32
252,164,-100.947,1371.41
252,165,-100.941,1370.78
252,166,-100.934,1370.16
252,167,-100.928,1369.53
252,168,-99.7025,1047.1
252,169,-99.6929,1046.39
252,170,-91.7759,1083.6
252,171,-91.7667,1082.91
252,172,-96.9496,1216.14
252,173,-96.9416,1215.45
252,174,-93.7455,1142.44
252,175,-93.7367,1141.73
252,176,-96.5671,1331.67
252,177,-96.5597,1330.98
252,178,-97.314,1471.41
252,179,-97.3073,1470.71
252,180,-96.6012,1445.94
252,181,-96.5942,1445.23
252,182,-100.226,1310.08
252,183,-100.218,1309.38
252,184,-94.8261,1206.87
252,185,-94.8177,1206.17
252,186,-95.7656,1264.07
252,187,-95.7578,1263.37
252,188,-98.6911,1714.22
252,189,-98.6853,1713.53
252,190,-101.405,1808.52
252,191,-101.4,1807.91
252,192,-101.395,1807.31
252,193,-100.074,1694.06
252,194,-100.069,1693.45
252,195,-96.3595,1734.99
252,196,-96.3542,1734.35
252,197,-96.3489,1733.71
252,198,-103.656,1747.39
252,199,-103.651,1746.71
252,200,-103.645,1746.04
252,201,-101.495,1647.46
252,202,-101.489,1646.8
252,203,-99.6612,1601.95
252,204,-99.6554,1601.29
252,205,-99.6496,1600.64
252,206,-100.204,1515.88
252,207,-100.198,1515.24
252,208,-100.192,1514.6
252,209,-99.6529,1458.36
252,210,-99.6466,1457.71
252,211,-99.6402,1457.06
252,212,-97.8024,1669.21
252,213,-97.7964,1668.51
252,214,-97.8594,1451.02
252,215,-97.8534,1450.42
252,216,-97.8475,1449.82
252,217,-94.9553,1598
252,218,-94.7646,1324.6
252,219,-95.1684,1565.06
252,220,-95.1627,1564.44
252,221,-83.1225,349.163
252,222,-103.622,2673.91
252,223,-68.0686,228.391
252,224,-92.4405,1010.78
252,225,-90.7112,857.123
252,226,-100.521,1914.99
252,227,-90.419,1119.73
252,228,-92.002,681.539
252,229,-96.2918,1526.07
252,230,-90.2168,1277.35
252,231,-81.0875,530.509
252,232,-87.8395,998.564
252,233,-86.6011,528.105
252,234,-85.6336,619.735
252,235,-99.1414,1227.45
252,236,-108.763,2146.12
252,237,-94.4807,1698.14
252,238,-86.7697,610.345
252,239,-94.3298,807.5
252,240,-86.1192,876.243
252,241,-94.9671,1543.11
252,242,-81.4576,429.097
252,243,-103.634,2069.94
252,244,-101.948,1407.29
252,245,-94.7161,1173.2
252,246,-91.4655,1423.31
252,247,-98.8378,1857.02
252,248,-78.2279,486.079
252,249,-93.8739,1029.66
252,250,-89.3492,751.593
252,251,-92.0629,1506.16
252,0,-65.0174,177.386
252,1,-100.294,1409.33
252,2,-80.8794,522.123
252,3,-83.1118,629.109
252,4,-99.9593,1559.37
252,5,-95.4974,1036
252,6,-90.8137,1620.19
252,7,-103.53,1089.82
252,8,-94.3153,1380.1
252,9,-96.3766,1183.21
252,10,-102.71,1387.88
252,11,-100.061,1324.46
252,12,-95.424,1414.68
252,13,-99.5448,1554.78
252,14,-91.9061,1429.33
252,15,-96.1249,1789.73
252,16,-98.7786,1558.6
252,17,-104.145,1869.65
252,18,-86.1793,528.566
252,19,-79.236,473.704
252,20,-98.6974,1174.22
252,21,-95.3395,1118.74
252,22,-91.3116,984.824
252,23,-90.4836,970.78
252,24,-91.1333,980.668
252,25,-101.171,1413.76
252,26,-97.3575,1182.21
252,27,-98.4549,1442.3
252,28,-99.2358,1274.06
252,29,-100.706,1353.01
252,30,-91.9093,731.262
252,31,-98.2541,1176.45
252,32,-93.5902,907.617
252,33,-93.6927,985.375
252,34,-96.0104,1251.84
252,35,-97.658,1161.42
252,36,-86.9453,1035.21
252,37,-87.6055,1117.24
252,38,-103.611,1461.19
252,39,-95.9897,1121.7
252,40,-82.2894,480.843
252,41,-96.9514,1514.55
252,42,-95.8403,1236.98
252,43,-99.5575,1191.48
252,44,-95.8042,1452.93
252,45,-107.214,1955.72
252,46,-101.989,1489.24
252,47,-95.8391,1067.99
252,48,-95.8313,1067.4
252,49,-95.8235,1066.82
252,50,-95.8157,1066.24
252,51,-95.3769,998.175
252,52,-93.9882,1125.47
252,53,-93.9802,1124.83
252,54,-76.7284,659.967
252,55,-75.3155,597.671
252,56,-75.3,597.024
252,57,-82.1743,412.628
252,58,-84.7721,491.476
252,59,-84.7517,490.773
252,60,-86.0965,539.342
252,61,-86.0779,538.64
252,62,-84.0226,616.626
252,63,-84.0144,616.269
252,64,-83.6971,602.698
252,65,-83.688,602.317
252,66,-83.3154,586.77
252,67,-83.306,586.383
252,68,-81.0353,537.454
252,69,-81.018,536.802
252,70,-84.5464,564.784
252,71,-84.5295,564.113
252,72,-45.3867,56.565
252,73,-45.4961,57.0009
252,74,-65.8385,187.907
252,75,-64.6105,237.514
252,76,-85.1781,751.388
252,77,-87.9188,751.06
252,78,-92.7777,861.667
252,79,-92.0454,738.282
252,80,-92.0371,737.852
252,81,-92.0288,737.421
252,82,-84.3511,686.269
252,83,-84.3375,685.615
252,84,-91.6725,1104.26
252,85,-91.6635,1103.57
252,86,-91.6545,1102.87
252,87,-91.6455,1102.17
252,88,-103.502,1350.68
252,89,-103.494,1349.99
252,90,-89.4917,879.227
252,91,-89.4804,878.529
252,92,-88.1662,850.342
252,93,-88.1544,849.636
252,94,-79.8255,609.027
252,95,-79.8118,608.44
252,96,-86.4944,617.964
252,97,-86.4823,617.441
252,98,-98.0219,1102.79
252,99,-98.0171,1102.41
252,100,-98.0122,1102.04
252,101,-98.0074,1101.67
252,102,-88.2436,1165.72
252,103,-88.2388,1165.33
252,104,-97.1978,1540.97
252,105,-97.1925,1540.4
252,106,-97.1872,1539.83
252,107,-97.182,1539.26
252,108,-97.1767,1538.69
252,109,-96.8929,1508.35
252,110,-96.8875,1507.78
252,111,-101.403,1447.72
252,112,-101.397,1447.16
252,113,-98.5888,1515.64
252,114,-98.5838,1515.11
252,115,-98.5789,1514.59
252,116,-98.5739,1514.06
252,117,-93.949,1347.12
252,118,-93.9441,1346.66
252,119,-93.9393,1346.2
252,120,-93.9344,1345.74
252,121,-96.8606,1258.02
252,122,-96.8554,1257.56
252,123,-97.5953,1123.29
252,124,-97.5894,1122.83
252,125,-97.5835,1122.37
252,126,-97.5777,1121.91
252,127,-95.9876,995.103
252,128,-95.9805,994.609
252,129,-95.9734,994.115
252,130,-84.9644,916.762
252,131,-84.9559,916.215
252,132,-84.9474,915.669
252,133,-92.1797,886.116
252,134,-92.1705,885.549
252,135,-87.8157,879.033
252,136,-87.8056,878.412
252,137,-87.7956,877.792
252,138,-87.7855,877.171
252,139,-86.5358,734.015
252,140,-93.6139,883.623
252,141,-93.6029,882.942
252,142,-94.4243,935.333
252,143,-94.4144,934.682
252,144,-88.2167,904.121
252,145,-88.2068,903.49
252,146,-88.1968,902.858
252,147,-97.0069,1045.63
252,148,-96.9978,1044.96
252,149,-96.9886,1044.29
252,150,-96.9794,1043.62
252,151,-97.8031,1105.72
252,152,-97.7944,1105.04
252,153,-97.7856,1104.36
252,154,-98.5366,1161.05
252,155,-98.5283,1160.37
252,156,-99.1865,1355.14
252,157,-99.1794,1354.47
252,158,-100.026,1437.38
252,159,-100.019,1436.72
252,160,-99.839,1418.64
252,161,-99.8324,1417.98
252,162,-101.07,1387.96
252,163,-101.063,1387.32
252,164,-98.6122,1371.41
252,165,-98.6057,1370.78
252,166,-98.5991,1370.16
252,167,-98.5926,1369.53
252,168,-88.0029,1047.1
252,169,-87.9933,1046.39
252,170,-103.448,1083.6
252,171,-103.439,1082.91
252,172,-97.7607,1216.14
252,173,-97.7526,1215.45
252,174,-99.1255,1142.44
252,175,-99.1167,1141.73
252,176,-99.0452,1331.67
252,177,-99.0378,1330.98
252,178,-103.71,1471.41
252,179,-103.704,1470.71
252,180,-95.7354,1445.94
252,181,-95.7284,1445.23
252,182,-90.7168,1310.08
252,183,-90.7091,1309.38
252,184,-99.7405,1206.87
252,185,-99.7321,1206.17
252,186,-96.149,1264.07
252,187,-96.1411,1263.37
252,188,-94.2443,1714.22
252,189,-94.2385,1713.53
252,190,-104.832,1808.52
252,191,-104.827,1807.91
252,192,-104.823,1807.31
252,193,-91.449,1694.06
252,194,-91.4438,1693.45
252,195,-102.002,1734.99
252,196,-101.997,1734.35
252,197,-101.992,1733.71
252,198,-99.2008,1747.39
252,199,-99.1953,1746.71
252,200,-99.1898,1746.04
252,201,-103.142,1647.46
252,202,-103.137,1646.8
252,203,-99.6455,1601.95
252,204,-99.6397,1601.29
252,205,-99.6339,1600.64
252,206,-102.241,1515.88
252,207,-102.235,1515.24
252,208,-102.229,1514.6
252,209,-101.69,1458.36
252,210,-101.684,1457.71
252,211,-101.677,1457.06
252,212,-97.9826,1669.21
252,213,-97.9767,1668.51
252,214,-92.1208,1451.02
252,215,-92.1149,1450.42
252,216,-92.109,1449.82
252,217,-95.683,1598
252,218,-96.7271,1324.6
252,219,-100.011,1565.06
252,220,-100.005,1564.44
252,221,-73.1996,349.163
252,222,-90.4003,833.553
252,223,-90.5505,1294.88
252,224,-97.9818,1504.51
252,225,-72.0065,336.92
252,226,-103.096,1674.13
252,227,-81.0148,384.38
252,228,-95.4345,1593.42
252,229,-105.988,2008.03
252,230,-100.707,1625.98
252,231,-89.2812,1178.28
252,232,-94.2829,707.527
252,233,-106.619,2140.39
252,234,-101.946,2184.95
252,235,-92.5463,729.463
252,236,-109.207,1572.01
252,237,-94.038,1588.38
252,238,-90.1042,967.203
252,239,-95.0576,1460.09
252,240,-83.4256,462.12
252,241,-107.809,2039.04
252,242,-84.836,908.539
252,243,-89.7376,738.444
252,244,-96.6741,1454.88
252,245,-99.3484,1622.19
252,246,-101.573,1489.49
252,247,-76.6532,295.741
252,248,-73.142,296.696
252,249,-107.269,1833.49
252,250,-95.2848,1981.74
252,251,-99.6318,1848.89
252,0,-69.0672,177.386
252,1,-88.0975,1409.33
252,2,-82.9633,522.123
252,3,-85.3451,629.109
252,4,-100.709,1559.37
252,5,-93.0251,1036
252,6,-97.1373,1620.19
252,7,-92.3075,1089.82
252,8,-100.038,1380.1
252,9,-99.8668,1183.21
252,10,-97.4658,1387.88
252,11,-101.864,1324.46
252,12,-91.0115,1414.68
252,13,-97.4562,1554.78
252,14,-93.6701,1429.33
252,15,-95.1744,1789.73
252,16,-100.071,1558.6
252,17,-102.915,1869.65
252,18,-87.3675,528.566
252,19,-84.041,473.704
252,20,-95.476,1174.22
252,21,-91.4088,1118.74
252,22,-92.4609,984.824
252,23,-91.9917,970.78
252,24,-89.8225,980.668
252,25,-96.4667,1413.76
252,26,-93.0641,1182.21
252,27,-93.0238,1442.3
252,28,-94.4483,1274.06
252,29,-95.673,1353.01
252,30,-89.8276,731.262
252,31,-94.5553,1176.45
252,32,-94.0295,907.617
252,33,-91.1478,985.375
252,34,-98.5809,1251.84
252,35,-93.1806,1161.42
252,36,-88.3624,1035.21
252,37,-94.8616,1117.24
252,38,-98.4091,1461.19
252,39,-90.7154,1121.7
252,40,-87.7146,480.843
252,41,-96.6115,1514.55
252,42,-98.4108,1236.98
252,43,-88.7634,1191.48
252,44,-91.3917,1452.93
252,45,-99.897,1955.72
252,46,-101.838,1489.24
252,47,-91.5061,1067.99
252,48,-91.4983,1067.4
252,49,-91.4905,1066.82
252,50,-91.4827,1066.24
252,51,-96.0302,998.175
252,52,-88.6489,1125.47
252,53,-88.6408,1124.83
252,54,-89.6162,659.967
252,55,-88.2033,597.671
252,56,-88.1878,597.024
252,57,-76.1491,412.628
252,58,-84.4731,491.476
252,59,-84.4527,490.773
252,60,-85.7974,539.342
252,61,-85.7789,538.64
252,62,-87.5997,616.626
252,63,-87.5914,616.269
252,64,-87.2741,602.698
252,65,-87.2651,602.317
252,66,-86.8924,586.77
252,67,-86.883,586.383
252,68,-85.8403,537.454
252,69,-85.823,536.802
252,70,-83.367,564.784
252,71,-83.35,564.113
252,72,-52.0288,56.565
252,73,-52.1382,57.0009
252,74,-69.8883,187.907
252,75,-81.4457,237.514
252,76,-87.9105,751.388
252,77,-86.8004,751.06
252,78,-89.3149,861.667
252,79,-89.9637,738.282
252,80,-89.9554,737.852
252,81,-89.9471,737.421
252,82,-86.5844,686.269
252,83,-86.5708,685.615
252,84,-91.92,1104.26
252,85,-91.911,1103.57
252,86,-91.902,1102.87
252,87,-91.893,1102.17
252,88,-90.048,1350.68
252,89,-90.0407,1349.99
252,90,-91.3075,879.227
252,91,-91.2962,878.529
252,92,-93.6451,850.342
252,93,-93.6332,849.636
252,94,-82.6028,609.027
252,95,-82.5891,608.44
252,96,-84.5697,617.964
252,97,-84.5576,617.441
252,98,-100.213,1102.79
252,99,-100.208,1102.41
252,100,-100.203,1102.04
252,101,-100.198,1101.67
252,102,-90.2751,1165.72
252,103,-90.2703,1165.33
252,104,-96.8579,1540.97
252,105,-96.8526,1540.4
252,106,-96.8474,1539.83
252,107,-96.8421,1539.26
252,108,-96.8368,1538.69
252,109,-96.5531,1508.35
252,110,-96.5476,1507.78
252,111,-97.6978,1447.72
252,112,-97.6923,1447.16
252,113,-100.341,1515.64
252,114,-100.336,1515.11
252,115,-100.331,1514.59
252,116,-100.326,1514.06
252,117,-91.1473,1347.12
252,118,-91.1424,1346.66
252,119,-91.1376,1346.2
252,120,-91.1327,1345.74
252,121,-94.8127,1258.02
252,122,-94.8076,1257.56
252,123,-93.8965,1123.29
252,124,-93.8906,1122.83
252,125,-93.8848,1122.37
252,126,-93.8789,1121.91
252,127,-95.8933,995.103
252,128,-95.8862,994.609
252,129,-95.8791,994.115
252,130,-88.6616,916.762
252,131,-88.6531,916.215
252,132,-88.6446,915.669
252,133,-89.6348,886.116
252,134,-89.6257,885.549
252,135,-90.5111,879.033
252,136,-90.501,878.412
252,137,-90.4909,877.792
252,138,-90.4809,877.171
252,139,-87.4663,734.015
252,140,-86.6117,883.623
252,141,-86.6007,882.942
252,142,-87.4222,935.333
252,143,-87.4123,934.682
252,144,-90.9121,904.121
252,145,-90.9021,903.49
252,146,-90.8922,902.858
252,147,-94.3344,1045.63
252,148,-94.3253,1044.96
252,149,-94.3161,1044.29
252,150,-94.307,1043.62
252,151,-95.1306,1105.72
252,152,-95.1219,1105.04
252,153,-95.1131,1104.36
252,154,-95.3151,1161.05
252,155,-95.3068,1160.37
252,156,-102.136,1355.14
252,157,-102.129,1354.47
252,158,-102.976,1437.38
252,159,-102.969,1436.72
252,160,-102.789,1418.64
252,161,-102.782,1417.98
252,162,-96.0364,1387.96
252,163,-96.0298,1387.32
252,164,-95.8013,1371.41
252,165,-95.7948,1370.78
252,166,-95.7883,1370.16
252,167,-95.7818,1369.53
252,168,-97.1787,1047.1
252,169,-97.1691,1046.39
252,170,-92.226,1083.6
252,171,-92.2168,1082.91
252,172,-93.4672,1216.14
252,173,-93.4592,1215.45
252,174,-94.7577,1142.44
252,175,-94.7489,1141.73
252,176,-100.727,1331.67
252,177,-100.72,1330.98
252,178,-98.5084,1471.41
252,179,-98.5016,1470.71
252,180,-91.323,1445.94
252,181,-91.316,1445.23
252,182,-98.4276,1310.08
252,183,-98.4199,1309.38
252,184,-88.9463,1206.87
252,185,-88.938,1206.17
252,186,-98.7195,1264.07
252,187,-98.7116,1263.37
252,188,-103.29,1714.22
252,189,-103.284,1713.53
252,190,-100.18,1808.52
252,191,-100.176,1807.91
252,192,-100.171,1807.31
252,193,-97.7726,1694.06
252,194,-97.7674,1693.45
252,195,-104.529,1734.99
252,196,-104.524,1734.35
252,197,-104.518,1733.71
252,198,-102.35,1747.39
252,199,-102.345,1746.71
252,200,-102.339,1746.04
252,201,-102.2,1647.46
252,202,-102.194,1646.8
252,203,-100.897,1601.95
252,204,-100.892,1601.29
252,205,-100.886,1600.64
252,206,-102.091,1515.88
252,207,-102.085,1515.24
252,208,-102.079,1514.6
252,209,-101.54,1458.36
252,210,-101.534,1457.71
252,211,-101.527,1457.06
252,212,-95.5964,1669.21
252,213,-95.5905,1668.51
252,214,-93.8847,1451.02
252,215,-93.8788,1450.42
252,216,-93.8729,1449.82
252,217,-97.1591,1598
252,218,-98.263,1324.6
252,219,-100.761,1565.06
252,220,-100.755,1564.44
252,221,-70.7781,349.163
252,222,-89.4052,867.145
252,223,-103.845,1870.25
252,224,-89.1308,1587.79
252,225,-72.1164,227.343
252,226,-85.7188,648
252,227,-101.704,1541.07
252,228,-99.9596,1800.89
252,229,-89.6475,968.7
252,230,-94.7045,773.292
252,231,-95.1726,1572.43
252,232,-87.3614,722.984
252,233,-96.885,1956.64
252,234,-82.9412,551.23
252,235,-92.9952,1091.12
252,236,-97.7795,1280.42
252,237,-99.0252,1439.54
252,238,-95.9219,1530.11
252,239,-88.0568,1405.31
252,240,-96.6314,1406.06
252,241,-62.5362,135.724
252,242,-93.0867,817.667
252,243,-98.6174,1800.65
252,244,-88.1417,640.035
252,245,-96.6916,1135.65
252,246,-77.0721,419.883
252,247,-90.8451,838.678
252,248,-91.2627,1107.33
252,249,-84.9749,664.759
252,250,-100.333,1544.12
252,251,-101.642,2028.29
252,0,-63.3152,177.386
252,1,-102.225,1409.33
252,2,-91.525,522.123
252,3,-89.5152,629.109
252,4,-100.035,1559.37
252,5,-95.0085,1036
252,6,-100.144,1620.19
252,7,-95.6147,1089.82
252,8,-97.83,1380.1
252,9,-95.0516,1183.21
252,10,-100.573,1387.88
252,11,-103.195,1324.46
252,12,-98.3674,1414.68
252,13,-99.5032,1554.78
252,14,-104.98,1429.33
252,15,-94.5725,1789.73
252,16,-100.655,1558.6
252,17,-94.8119,1869.65
252,18,-85.2494,528.566
252,19,-80.0317,473.704
252,20,-91.2137,1174.22
252,21,-95.4244,1118.74
252,22,-88.4768,984.824
252,23,-94.4209,970.78
252,24,-88.0165,980.668
252,25,-96.4715,1413.76
252,26,-96.7804,1182.21
252,27,-96.8349,1442.3
252,28,-94.4628,1274.06
252,29,-96.9681,1353.01
252,30,-87.2457,731.262
252,31,-92.4306,1176.45
252,32,-96.3793,907.617
252,33,-97.4278,985.375
252,34,-94.3226,1251.84
252,35,-97.3553,1161.42
252,36,-95.6236,1035.21
252,37,-94.904,1117.24
252,38,-100.123,1461.19
252,39,-91.4746,1121.7
252,40,-77.9932,480.843
252,41,-92.3134,1514.55
252,42,-94.1524,1236.98
252,43,-95.6891,1191.48
252,44,-98.7476,1452.93
252,45,-97.0727,1955.72
252,46,-103.712,1489.24
252,47,-90.4398,1067.99
252,48,-90.432,1067.4
252,49,-90.4242,1066.82
252,50,-90.4164,1066.24
252,51,-90.6711,998.175
252,52,-95.972,1125.47
252,53,-95.9639,1124.83
252,54,-88.3613,659.967
252,55,-86.9484,597.671
252,56,-86.933,597.024
252,57,-78.3416,412.628
252,58,-84.5226,491.476
252,59,-84.5022,490.773
252,60,-85.847,539.342
252,61,-85.8284,538.64
252,62,-84.6555,616.626
252,63,-84.6473,616.269
252,64,-84.33,602.698
252,65,-84.3209,602.317
252,66,-83.9483,586.77
252,67,-83.9389,586.383
252,68,-81.8309,537.454
252,69,-81.8136,536.802
252,70,-86.0067,564.784
252,71,-85.9897,564.113
252,72,-51.3404,56.565
252,73,-51.4498,57.0009
252,74,-64.1363,187.907
252,75,-73.3218,237.514
252,76,-89.373,751.388
252,77,-89.5336,751.06
252,78,-86.2947,861.667
252,79,-87.3819,738.282
252,80,-87.3736,737.852
252,81,-87.3652,737.421
252,82,-90.7545,686.269
252,83,-90.7409,685.615
252,84,-95.3886,1104.26
252,85,-95.3796,1103.57
252,86,-95.3706,1102.87
252,87,-95.3616,1102.17
252,88,-92.6863,1350.68
252,89,-92.679,1349.99
252,90,-87.9566,879.227
252,91,-87.9453,878.529
252,92,-98.2785,850.342
252,93,-98.2667,849.636
252,94,-84.5991,609.027
252,95,-84.5853,608.44
252,96,-83.327,617.964
252,97,-83.315,617.441
252,98,-95.5383,1102.79
252,99,-95.5335,1102.41
252,100,-95.5287,1102.04
252,101,-95.5238,1101.67
252,102,-97.0679,1165.72
252,103,-97.0631,1165.33
252,104,-92.5598,1540.97
252,105,-92.5546,1540.4
252,106,-92.5493,1539.83
252,107,-92.544,1539.26
252,108,-92.5388,1538.69
252,109,-92.255,1508.35
252,110,-92.2496,1507.78
252,111,-95.7733,1447.72
252,112,-95.7678,1447.16
252,113,-94.288,1515.64
252,114,-94.283,1515.11
252,115,-94.2781,1514.59
252,116,-94.2731,1514.06
252,117,-95.4505,1347.12
252,118,-95.4456,1346.66
252,119,-95.4407,1346.2
252,120,-95.4359,1345.74
252,121,-101.291,1258.02
252,122,-101.285,1257.56
252,123,-91.7718,1123.29
252,124,-91.7659,1122.83
252,125,-91.76,1122.37
252,126,-91.7542,1121.91
252,127,-95.5744,995.103
252,128,-95.5673,994.609
252,129,-95.5602,994.115
252,130,-86.4809,916.762
252,131,-86.4724,916.215
252,132,-86.4639,915.669
252,133,-95.9148,886.116
252,134,-95.9057,885.549
252,135,-87.8556,879.033
252,136,-87.8455,878.412
252,137,-87.8355,877.792
252,138,-87.8254,877.171
252,139,-89.207,734.015
252,140,-86.7166,883.623
252,141,-86.7056,882.942
252,142,-87.527,935.333
252,143,-87.5171,934.682
252,144,-88.2566,904.121
252,145,-88.2467,903.49
252,146,-88.2367,902.858
252,147,-89.8405,1045.63
252,148,-89.8313,1044.96
252,149,-89.8222,1044.29
252,150,-89.813,1043.62
252,151,-90.6367,1105.72
252,152,-90.6279,1105.04
252,153,-90.6192,1104.36
252,154,-91.0529,1161.05
252,155,-91.0445,1160.37
252,156,-98.8372,1355.14
252,157,-98.8301,1354.47
252,158,-99.6768,1437.38
252,159,-99.6702,1436.72
252,160,-99.4898,1418.64
252,161,-99.4832,1417.98
252,162,-97.3315,1387.96
252,163,-97.3249,1387.32
252,164,-94.5198,1371.41
252,165,-94.5133,1370.78
252,166,-94.5068,1370.16
252,167,-94.5003,1369.53
252,168,-103.68,1047.1
252,169,-103.67,1046.39
252,170,-95.5332,1083.6
252,171,-95.5241,1082.91
252,172,-97.1836,1216.14
252,173,-97.1756,1215.45
252,174,-91.35,1142.44
252,175,-91.3412,1141.73
252,176,-98.1169,1331.67
252,177,-98.1094,1330.98
252,178,-100.222,1471.41
252,179,-100.216,1470.71
252,180,-98.6789,1445.94
252,181,-98.6719,1445.23
252,182,-95.4132,1310.08
252,183,-95.4055,1309.38
252,184,-95.872,1206.87
252,185,-95.8637,1206.17
252,186,-94.4611,1264.07
252,187,-94.4533,1263.37
252,188,-99.5458,1714.22
252,189,-99.54,1713.53
252,190,-100.438,1808.52
252,191,-100.433,1807.91
252,192,-100.428,1807.31
252,193,-100.78,1694.06
252,194,-100.775,1693.45
252,195,-99.5772,1734.99
252,196,-99.5719,1734.35
252,197,-99.5666,1733.71
252,198,-103.361,1747.39
252,199,-103.356,1746.71
252,200,-103.35,1746.04
252,201,-101.092,1647.46
252,202,-101.086,1646.8
252,203,-99.7649,1601.95
252,204,-99.7591,1601.29
252,205,-99.7533,1600.64
252,206,-103.964,1515.88
252,207,-103.958,1515.24
252,208,-103.952,1514.6
252,209,-103.413,1458.36
252,210,-103.407,1457.71
252,211,-103.4,1457.06
252,212,-100.342,1669.21
252,213,-100.336,1668.51
252,214,-105.195,1451.02
252,215,-105.189,1450.42
252,216,-105.183,1449.82
252,217,-101.105,1598
252,218,-93.8423,1324.6
252,219,-100.087,1565.06
252,220,-100.081,1564.44
252,221,-75.4692,349.163
252,222,-91.6969,1214.73
252,223,-98.3802,2006.69
252,224,-87.8975,704.26
252,225,-93.8167,1115.55
252,226,-98.9706,1557.59
252,227,-99.9101,1742.8
252,228,-102.365,2132.36
252,229,-107.793,2143.05
252,230,-94.0621,1750.83
252,231,-101.584,2203.55
252,232,-98.8298,2071.02
252,233,-89.6377,1008.13
252,234,-89.2494,898.413
252,235,-102.134,2180.69
252,236,-90.8988,1077.29
252,237,-72.6336,400.707
252,238,-86.3979,667.266
252,239,-90.9631,767.835
252,240,-101.686,1356.97
252,241,-99.9272,1872.84
252,242,-105.056,1909.42
252,243,-100.493,1380.11
252,244,-75.7625,319.473
252,245,-85.0489,621.67
252,246,-102.793,1569.59
252,247,-81.6592,524.212
252,248,-85.3022,562.639
252,249,-93.4022,1284.32
252,250,-87.2243,739.975
252,251,-93.7266,1209.91
252,0,-62.0303,177.386
252,1,-96.2434,1409.33
252,2,-89.8361,522.123
252,3,-82.0483,629.109
252,4,-104.138,1559.37
252,5,-97.0995,1036
252,6,-96.9069,1620.19
252,7,-95.5103,1089.82
252,8,-100.493,1380.1
252,9,-95.0927,1183.21
252,10,-96.878,1387.88
252,11,-98.539,1324.46
252,12,-93.4991,1414.68
252,13,-99.3292,1554.78
252,14,-97.3203,1429.33
252,15,-101.885,1789.73
252,16,-98.7067,1558.6
252,17,-104.104,1869.65
252,18,-89.4942,528.566
252,19,-81.0781,473.704
252,20,-92.6409,1174.22
252,21,-91.9614,1118.74
252,22,-91.5538,984.824
252,23,-94.7926,970.78
252,24,-89.9331,980.668
252,25,-90.1956,1413.76
252,26,-90.9058,1182.21
252,27,-95.6941,1442.3
252,28,-95.2973,1274.06
252,29,-91.1718,1353.01
252,30,-94.3062,731.262
252,31,-96.4753,1176.45
252,32,-90.2056,907.617
252,33,-90.8718,985.375
252,34,-90.167,1251.84
252,35,-91.9824,1161.42
252,36,-94.5374,1035.21
252,37,-94.8594,1117.24
252,38,-95.9965,1461.19
252,39,-96.6949,1121.7
252,40,-81.7136,480.843
252,41,-101.676,1514.55
252,42,-89.9969,1236.98
252,43,-95.3986,1191.48
252,44,-93.8794,1452.93
252,45,-102.651,1955.72
252,46,-96.5046,1489.24
252,47,-91.813,1067.99
252,48,-91.8052,1067.4
252,49,-91.7974,1066.82
252,50,-91.7896,1066.24
252,51,-96.2963,998.175
252,52,-94.7873,1125.47
252,53,-94.7792,1124.83
252,54,-88.9947,659.967
252,55,-87.5818,597.671
252,56,-87.5663,597.024
252,57,-83.936,412.628
252,58,-83.3925,491.476
252,59,-83.3721,490.773
252,60,-84.7169,539.342
252,61,-84.6983,538.64
252,62,-88.3847,616.626
252,63,-88.3764,616.269
252,64,-88.0591,602.698
252,65,-88.0501,602.317
252,66,-87.6774,586.77
252,67,-87.668,586.383
252,68,-82.8774,537.454
252,69,-82.8601,536.802
252,70,-91.8364,564.784
252,71,-91.8194,564.113
252,72,-54.4748,56.565
252,73,-54.5842,57.0009
252,74,-62.8514,187.907
252,75,-70.7979,237.514
252,76,-87.4161,751.388
252,77,-88.6499,751.06
252,78,-93.1531,861.667
252,79,-94.4424,738.282
252,80,-94.4341,737.852
252,81,-94.4257,737.421
252,82,-83.2876,686.269
252,83,-83.274,685.615
252,84,-91.9443,1104.26
252,85,-91.9353,1103.57
252,86,-91.9263,1102.87
252,87,-91.9173,1102.17
252,88,-92.2764,1350.68
252,89,-92.2691,1349.99
252,90,-94.3436,879.227
252,91,-94.3323,878.529
252,92,-81.8876,850.342
252,93,-81.8758,849.636
252,94,-88.1758,609.027
252,95,-88.1621,608.44
252,96,-79.2532,617.964
252,97,-79.2411,617.441
252,98,-89.0246,1102.79
252,99,-89.0198,1102.41
252,100,-89.0149,1102.04
252,101,-89.0101,1101.67
252,102,-98.3784,1165.72
252,103,-98.3736,1165.33
252,104,-101.922,1540.97
252,105,-101.917,1540.4
252,106,-101.912,1539.83
252,107,-101.906,1539.26
252,108,-101.901,1538.69
252,109,-101.617,1508.35
252,110,-101.612,1507.78
252,111,-94.9998,1447.72
252,112,-94.9943,1447.16
252,113,-100.149,1515.64
252,114,-100.144,1515.11
252,115,-100.139,1514.59
252,116,-100.134,1514.06
252,117,-89.6559,1347.12
252,118,-89.6511,1346.66
252,119,-89.6462,1346.2
252,120,-89.6413,1345.74
252,121,-93.6671,1258.02
252,122,-93.6619,1257.56
252,123,-95.8165,1123.29
252,124,-95.8106,1122.83
252,125,-95.8047,1122.37
252,126,-95.7989,1121.91
252,127,-89.7503,995.103
252,128,-89.7432,994.609
252,129,-89.7361,994.115
252,130,-90.5822,916.762
252,131,-90.5737,916.215
252,132,-90.5652,915.669
252,133,-89.3588,886.116
252,134,-89.3496,885.549
252,135,-92.0014,879.033
252,136,-91.9913,878.412
252,137,-91.9813,877.792
252,138,-91.9712,877.171
252,139,-93.5253,734.015
252,140,-87.957,883.623
252,141,-87.946,882.942
252,142,-88.7675,935.333
252,143,-88.7575,934.682
252,144,-92.4024,904.121
252,145,-92.3925,903.49
252,146,-92.3825,902.858
252,147,-93.3981,1045.63
252,148,-93.3889,1044.96
252,149,-93.3798,1044.29
252,150,-93.3706,1043.62
252,151,-94.1943,1105.72
252,152,-94.1855,1105.04
252,153,-94.1768,1104.36
252,154,-92.48,1161.05
252,155,-92.4717,1160.37
252,156,-92.9726,1355.14
252,157,-92.9655,1354.47
252,158,-93.8122,1437.38
252,159,-93.8056,1436.72
252,160,-93.6251,1418.64
252,161,-93.6185,1417.98
252,162,-91.5353,1387.96
252,163,-91.5287,1387.32
252,164,-94.6599,1371.41
252,165,-94.6534,1370.78
252,166,-94.6469,1370.16
252,167,-94.6404,1369.53
252,168,-95.3349,1047.1
252,169,-95.3253,1046.39
252,170,-95.4288,1083.6
252,171,-95.4197,1082.91
252,172,-91.309,1216.14
252,173,-91.301,1215.45
252,174,-98.8352,1142.44
252,175,-98.8264,1141.73
252,176,-97.6647,1331.67
252,177,-97.6573,1330.98
252,178,-96.0958,1471.41
252,179,-96.089,1470.71
252,180,-93.8106,1445.94
252,181,-93.8036,1445.23
252,182,-99.1221,1310.08
252,183,-99.1144,1309.38
252,184,-95.5815,1206.87
252,185,-95.5732,1206.17
252,186,-90.3056,1264.07
252,187,-90.2977,1263.37
252,188,-98.9024,1714.22
252,189,-98.8966,1713.53
252,190,-103.337,1808.52
252,191,-103.332,1807.91
252,192,-103.327,1807.31
252,193,-97.5422,1694.06
252,194,-97.5371,1693.45
252,195,-99.0631,1734.99
252,196,-99.0578,1734.35
252,197,-99.0525,1733.71
252,198,-96.7119,1747.39
252,199,-96.7064,1746.71
252,200,-96.7009,1746.04
252,201,-103.203,1647.46
252,202,-103.197,1646.8
252,203,-102.235,1601.95
252,204,-102.23,1601.29
252,205,-102.224,1600.64
252,206,-96.7573,1515.88
252,207,-96.7513,1515.24
252,208,-96.7453,1514.6
252,209,-96.206,1458.36
252,210,-96.1997,1457.71
252,211,-96.1933,1457.06
252,212,-99.8767,1669.21
252,213,-99.8707,1668.51
252,214,-97.535,1451.02
252,215,-97.5291,1450.42
252,216,-97.5232,1449.82
252,217,-98.218,1598
252,218,-93.1956,1324.6
252,219,-104.19,1565.06
252,220,-104.185,1564.44
252,221,-74.1329,349.163
252,222,-96.1561,1261.34
252,223,-102.21,1122.45
252,224,-91.7166,1816.43
252,225,-96.1103,1252.51
252,226,-87.5044,1167.75
252,227,-95.5282,1425.61
252,228,-104.614,1714.12
252,229,-103.957,2302.52
252,230,-104.813,1965.03
252,231,-102.575,2351.64
252,232,-86.2142,658.789
252,233,-95.8392,1186.93
252,234,-78.6964,484.455
252,235,-88.8205,1040.38
252,236,-96.9893,1942.85
252,237,-105.623,2556.89
252,238,-95.4086,1571.85
252,239,-108.072,2035.85
252,240,-106.692,2427.7
252,241,-103.08,1862.48
252,242,-91.194,894.326
252,243,-80.1486,633.325
252,244,-91.5847,850.319
252,245,-85.556,494.361
252,246,-109.91,2585.16
252,247,-104.332,1667.7
252,248,-97.2619,1816.15
252,249,-100.027,1502.75
252,250,-104.009,1545.27
252,251,-102.483,1423.37
252,0,-68.2916,177.386
252,1,-102.819,1409.33
252,2,-80.8146,522.123
252,3,-86.3589,629.109
252,4,-106.651,1559.37
252,5,-90.4163,1036
252,6,-102.437,1620.19
252,7,-86.1351,1089.82
252,8,-97.2746,1380.1
252,9,-93.2523,1183.21
252,10,-90.9514,1387.88
252,11,-96.2795,1324.46
252,12,-99.1624,1414.68
252,13,-102.15,1554.78
252,14,-96.6947,1429.33
252,15,-98.5266,1789.73
252,16,-100.118,1558.6
252,17,-107.763,1869.65
252,18,-84.7049,528.566
252,19,-78.6862,473.704
252,20,-93.4348,1174.22
252,21,-95.129,1118.74
252,22,-98.3293,984.824
252,23,-95.5093,970.78
252,24,-93.0369,980.668
252,25,-92.01,1413.76
252,26,-99.1746,1182.21
252,27,-97.8531,1442.3
252,28,-98.122,1274.06
252,29,-97.7561,1353.01
252,30,-87.2793,731.262
252,31,-97.5882,1176.45
252,32,-86.2026,907.617
252,33,-90.0647,985.375
252,34,-101.211,1251.84
252,35,-98.0533,1161.42
252,36,-93.3689,1035.21
252,37,-93.4121,1117.24
252,38,-90.7981,1461.19
252,39,-95.1269,1121.7
252,40,-81.562,480.843
252,41,-95.8655,1514.55
252,42,-101.04,1236.98
252,43,-98.8526,1191.48
252,44,-99.5426,1452.93
252,45,-102.275,1955.72
252,46,-102.609,1489.24
252,47,-91.4543,1067.99
252,48,-91.4465,1067.4
252,49,-91.4387,1066.82
252,50,-91.4309,1066.24
252,51,-96.1682,998.175
252,52,-98.5518,1125.47
252,53,-98.5437,1124.83
252,54,-87.8158,659.967
252,55,-86.4029,597.671
252,56,-86.3875,597.024
252,57,-83.2329,412.628
252,58,-84.0456,491.476
252,59,-84.0252,490.773
252,60,-85.37,539.342
252,61,-85.3514,538.64
252,62,-85.3151,616.626
252,63,-85.3069,616.269
252,64,-84.9896,602.698
252,65,-84.9806,602.317
252,66,-84.6079,586.77
252,67,-84.5985,586.383
252,68,-80.4855,537.454
252,69,-80.4682,536.802
252,70,-87.6342,564.784
252,71,-87.6173,564.113
252,72,-51.4171,56.565
252,73,-51.5265,57.0009
252,74,-69.1127,187.907
252,75,-70.192,237.514
252,76,-95.9012,751.388
252,77,-87.801,751.06
252,78,-85.6757,861.667
252,79,-87.4154,738.282
252,80,-87.4071,737.852
252,81,-87.3988,737.421
252,82,-87.5982,686.269
252,83,-87.5846,685.615
252,84,-89.4063,1104.26
252,85,-89.3973,1103.57
252,86,-89.3883,1102.87
252,87,-89.3793,1102.17
252,88,-98.4171,1350.68
252,89,-98.4098,1349.99
252,90,-88.6184,879.227
252,91,-88.6071,878.529
252,92,-91.3936,850.342
252,93,-91.3817,849.636
252,94,-84.2168,609.027
252,95,-84.2031,608.44
252,96,-89.9723,617.964
252,97,-89.9603,617.441
252,98,-96.5962,1102.79
252,99,-96.5913,1102.41
252,100,-96.5865,1102.04
252,101,-96.5817,1101.67
252,102,-98.4677,1165.72
252,103,-98.4629,1165.33
252,104,-96.1119,1540.97
252,105,-96.1067,1540.4
252,106,-96.1014,1539.83
252,107,-96.0961,1539.26
252,108,-96.0909,1538.69
252,109,-95.8071,1508.35
252,110,-95.8017,1507.78
252,111,-90.6574,1447.72
252,112,-90.6519,1447.16
252,113,-102.266,1515.64
252,114,-102.261,1515.11
252,115,-102.257,1514.59
252,116,-102.252,1514.06
252,117,-103.197,1347.12
252,118,-103.193,1346.66
252,119,-103.188,1346.2
252,120,-103.183,1345.74
252,121,-96.8066,1258.02
252,122,-96.8015,1257.56
252,123,-96.9294,1123.29
252,124,-96.9236,1122.83
252,125,-96.9177,1122.37
252,126,-96.9118,1121.91
252,127,-92.2954,995.103
252,128,-92.2883,994.609
252,129,-92.2812,994.115
252,130,-96.1901,916.762
252,131,-96.1816,916.215
252,132,-96.173,915.669
252,133,-88.5517,886.116
252,134,-88.5426,885.549
252,135,-86.0806,879.033
252,136,-86.0705,878.412
252,137,-86.0605,877.792
252,138,-86.0504,877.171
252,139,-87.5451,734.015
252,140,-87.0096,883.623
252,141,-86.9986,882.942
252,142,-87.82,935.333
252,143,-87.8101,934.682
252,144,-86.4816,904.121
252,145,-86.4717,903.49
252,146,-86.4617,902.858
252,147,-93.0933,1045.63
252,148,-93.0841,1044.96
252,149,-93.075,1044.29
252,150,-93.0658,1043.62
252,151,-93.8894,1105.72
252,152,-93.8807,1105.04
252,153,-93.872,1104.36
252,154,-93.274,1161.05
252,155,-93.2656,1160.37
252,156,-95.9703,1355.14
252,157,-95.9632,1354.47
252,158,-96.8099,1437.38
252,159,-96.8033,1436.72
252,160,-96.6228,1418.64
252,161,-96.6163,1417.98
252,162,-98.1195,1387.96
252,163,-98.1129,1387.32
252,164,-93.8691,1371.41
252,165,-93.8626,1370.78
252,166,-93.8561,1370.16
252,167,-93.8496,1369.53
252,168,-89.2427,1047.1
252,169,-89.2331,1046.39
252,170,-86.0536,1083.6
252,171,-86.0445,1082.91
252,172,-99.5778,1216.14
252,173,-99.5697,1215.45
252,174,-92.1537,1142.44
252,175,-92.1448,1141.73
252,176,-95.6828,1331.67
252,177,-95.6753,1330.98
252,178,-90.8974,1471.41
252,179,-90.8906,1470.71
252,180,-99.4738,1445.94
252,181,-99.4668,1445.23
252,182,-105.199,1310.08
252,183,-105.191,1309.38
252,184,-99.0355,1206.87
252,185,-99.0272,1206.17
252,186,-101.349,1264.07
252,187,-101.341,1263.37
252,188,-94.6481,1714.22
252,189,-94.6423,1713.53
252,190,-95.3998,1808.52
252,191,-95.395,1807.91
252,192,-95.3903,1807.31
252,193,-103.072,1694.06
252,194,-103.067,1693.45
252,195,-100.076,1734.99
252,196,-100.071,1734.35
252,197,-100.066,1733.71
252,198,-101.881,1747.39
252,199,-101.876,1746.71
252,200,-101.87,1746.04
252,201,-94.3386,1647.46
252,202,-94.3328,1646.8
252,203,-99.5304,1601.95
252,204,-99.5245,1601.29
252,205,-99.5187,1600.64
252,206,-102.862,1515.88
252,207,-102.856,1515.24
252,208,-102.85,1514.6
252,209,-102.31,1458.36
252,210,-102.304,1457.71
252,211,-102.298,1457.06
252,212,-96.9429,1669.21
252,213,-96.937,1668.51
252,214,-96.9094,1451.02
252,215,-96.9035,1450.42
252,216,-96.8976,1449.82
252,217,-105.338,1598
252,218,-99.9361,1324.6
252,219,-106.703,1565.06
252,220,-106.697,1564.44
252,221,-73.7573,349.163
252,222,-100.29,1843.32
252,223,-100.886,2470.7
252,224,-102.066,1502.96
252,225,-92.6683,1683.08
252,226,-99.852,1668.15
252,227,-107.798,2509.7
252,228,-100.849,1133.68
252,229,-103.955,1891.78
252,230,-92.0667,1613.51
252,231,-104.975,2022.94
252,232,-95.1456,1463.23
252,233,-82.3101,670.334
252,234,-97.8777,2264.59
252,235,-73.839,287.716
252,236,-104.604,1682.56
252,237,-90.4211,789.944
252,238,-87.9339,805.677
252,239,-102.818,1554.67
252,240,-90.6217,884.857
252,241,-87.5606,1247.59
252,242,-106.395,1794.18
252,243,-102.318,2131.16
252,244,-105.387,1632.13
252,245,-90.4735,1428.28
252,246,-98.0749,1344.65
252,247,-105.074,1898.49
252,248,-98.372,1157.93
252,249,-94.6102,1398.21
252,250,-71.665,301.484
252,251,-92.467,1007.16
