643,0,-98.2246,171.99
643,1,-134.152,1408.66
643,2,-115.143,520.315
643,3,-114.824,627.609
643,4,-135.044,1558.77
643,5,-141.817,1035.09
643,6,-138.825,1619.61
643,7,-126.455,1088.95
643,8,-140.565,1379.41
643,9,-131.6,1182.42
643,10,-140.075,1387.2
643,11,-129.8,1323.74
643,12,-130.878,1414.02
643,13,-139.482,1554.18
643,14,-141.838,1428.67
643,15,-142.427,1789.2
643,16,-137.022,1558
643,17,-138.734,1869.14
643,18,-118.902,526.779
643,19,-116.9,471.71
643,20,-136.751,1173.42
643,21,-127.121,1117.9
643,22,-123.188,983.866
643,23,-127.327,969.809
643,24,-122.565,979.707
643,25,-138.02,1413.09
643,26,-128.937,1181.41
643,27,-136.545,1441.65
643,28,-143.521,1273.32
643,29,-132.999,1352.31
643,30,-129.534,729.972
643,31,-125.097,1175.64
643,32,-120.16,906.578
643,33,-126.407,984.417
643,34,-128.849,1251.08
643,35,-123.906,1160.61
643,36,-120.736,1034.3
643,37,-127.874,1116.39
643,38,-128.225,1460.54
643,39,-130.65,1120.86
643,40,-112.248,478.879
643,41,-140.17,1513.93
643,42,-136.639,1236.22
643,43,-129.306,1190.69
643,44,-127.944,1452.29
643,45,-143.045,1955.24
643,46,-133.069,1488.61
643,47,-130.267,1067.11
643,48,-132.511,1066.52
643,49,-125.923,1065.94
643,50,-129.697,1065.35
643,51,-123.226,997.23
643,52,-142.55,1124.63
643,53,-131.653,1123.99
643,54,-113.92,658.537
643,55,-109.82,596.092
643,56,-118.196,595.443
643,57,-101.587,410.338
643,58,-113.156,489.555
643,59,-110.176,488.849
643,60,-112.541,537.592
643,61,-113.246,536.887
643,62,-117.871,615.095
643,63,-110.394,614.738
643,64,-114.804,601.132
643,65,-111.953,600.75
643,66,-117.712,585.162
643,67,-113.731,584.773
643,68,-116.665,535.697
643,69,-109.718,535.043
643,70,-109.947,563.113
643,71,-114.532,562.44
643,72,-70.8147,36.2547
643,73,-60.5848,36.9311
643,74,-91.3973,182.822
643,75,-97.8376,233.512
643,76,-120.694,750.133
643,77,-118.109,749.804
643,78,-129.486,860.572
643,79,-121.011,737.004
643,80,-116.39,736.573
643,81,-121.612,736.142
643,82,-115.886,684.894
643,83,-129.873,684.239
643,84,-121.867,1103.41
643,85,-123.353,1102.71
643,86,-125.417,1102.01
643,87,-125.716,1101.32
643,88,-129.417,1349.98
643,89,-132.491,1349.29
643,90,-125.691,878.154
643,91,-121.63,877.456
643,92,-128.058,849.233
643,93,-112.631,848.526
643,94,-116.327,607.477
643,95,-121.574,606.889
643,96,-124.208,616.437
643,97,-134.715,615.912
643,98,-134.075,1101.93
643,99,-123.927,1101.56
643,100,-125.984,1101.18
643,101,-133.439,1100.81
643,102,-131.86,1164.92
643,103,-124.123,1164.52
643,104,-129.5,1540.35
643,105,-139.255,1539.78
643,106,-131.316,1539.21
643,107,-140.268,1538.65
643,108,-131.725,1538.08
643,109,-133.004,1507.73
643,110,-127.43,1507.15
643,111,-125.115,1447.07
643,112,-134.12,1446.51
643,113,-137.738,1515.02
643,114,-129.9,1514.49
643,115,-129.698,1513.97
643,116,-138.551,1513.44
643,117,-129.039,1346.42
643,118,-135.109,1345.96
643,119,-124.093,1345.5
643,120,-131.112,1345.04
643,121,-126.995,1257.27
643,122,-136.696,1256.81
643,123,-121.188,1122.46
643,124,-133.182,1121.99
643,125,-123.299,1121.53
643,126,-132.881,1121.07
643,127,-123.856,994.156
643,128,-126.076,993.661
643,129,-122.693,993.166
643,130,-122.948,915.733
643,131,-123.705,915.186
643,132,-128.187,914.639
643,133,-118.33,885.052
643,134,-123.181,884.484
643,135,-126.624,877.96
643,136,-125.777,877.338
643,137,-123.819,876.717
643,138,-133.075,876.096
643,139,-119.012,732.73
643,140,-125.956,882.556
643,141,-123.029,881.874
643,142,-130.762,934.325
643,143,-130.654,933.673
643,144,-128.671,903.078
643,145,-121.177,902.446
643,146,-130.418,901.813
643,147,-119.952,1044.73
643,148,-139.028,1044.06
643,149,-124.895,1043.39
643,150,-129.743,1042.72
643,151,-132.724,1104.86
643,152,-131.312,1104.19
643,153,-126.037,1103.51
643,154,-142.11,1160.23
643,155,-122.561,1159.56
643,156,-135.815,1354.44
643,157,-136.685,1353.77
643,158,-134.891,1436.73
643,159,-136.504,1436.06
643,160,-128.668,1417.97
643,161,-130.173,1417.32
643,162,-128.525,1387.28
643,163,-126.614,1386.64
643,164,-130.018,1370.72
643,165,-126.079,1370.09
643,166,-127.279,1369.47
643,167,-133.631,1368.84
643,168,-141.057,1046.2
643,169,-122.201,1045.49
643,170,-125.899,1082.73
643,171,-137.371,1082.04
643,172,-129.691,1215.36
643,173,-130.538,1214.67
643,174,-131.216,1141.61
643,175,-121.166,1140.9
643,176,-129.06,1330.96
643,177,-128.35,1330.27
643,178,-132.887,1470.77
643,179,-144.424,1470.07
643,180,-138.049,1445.29
643,181,-131.961,1444.58
643,182,-136.076,1309.36
643,183,-132.939,1308.66
643,184,-126.152,1206.09
643,185,-131.564,1205.39
643,186,-129.829,1263.32
643,187,-130.521,1262.62
643,188,-134.286,1713.67
643,189,-138.798,1712.98
643,190,-144.127,1807.99
643,191,-137.881,1807.39
643,192,-131.109,1806.78
643,193,-134.085,1693.5
643,194,-133.367,1692.89
643,195,-139.42,1734.45
643,196,-135.837,1733.81
643,197,-131.481,1733.17
643,198,-144.269,1746.85
643,199,-131.312,1746.17
643,200,-136.848,1745.5
643,201,-148.403,1646.89
643,202,-134.113,1646.23
643,203,-147.925,1601.36
643,204,-134.006,1600.7
643,205,-132.16,1600.05
643,206,-145.755,1515.26
643,207,-138.688,1514.62
643,208,-131.938,1513.98
643,209,-131.972,1457.71
643,210,-134.324,1457.06
643,211,-143.771,1456.41
643,212,-128.032,1668.64
643,213,-137.431,1667.94
643,214,-126.001,1450.37
643,215,-174.71,1449.77
643,216,-132.403,1449.17
643,217,-146.143,1597.41
643,218,-126.343,1323.89
643,219,-134.272,1564.46
643,220,-132.286,1563.83
643,221,-105.616,346.453
643,222,-122.792,382.24
643,223,-126.674,1380.6
643,224,-125.235,1386.35
643,225,-136.1,1389.16
643,226,-131.621,1407.81
643,227,-138.914,1422.34
643,228,-132.171,1425.04
643,229,-131.128,1383.49
643,230,-127.29,1337.88
643,231,-128.037,1382.7
643,232,-140.038,1382.7
643,233,-136.522,1382.7
643,234,-134.329,1382.7
643,235,-129.864,1435.61
643,236,-136.478,1435.61
643,237,-128.418,1417.8
643,238,-139.344,1417.8
643,239,-131.227,1592.31
643,240,-130.663,1464.87
643,241,-133.832,1551.18
643,242,-131.728,1679.81
643,243,-135.584,1703.21
643,244,-127.82,1650.81
643,245,-138.469,1655.44
643,246,-131.259,1653.07
643,247,-139.1,1673.2
643,248,-132.304,1713.87
643,249,-133.894,1572.6
643,250,-139.276,1555.04
643,251,-128.404,1620.11
643,252,-133.758,1560.44
643,253,-126.603,1274.71
643,254,-123.927,1272.73
643,255,-139.905,1282.11
643,256,-125.524,1256.64
643,257,-129.334,1274.54
643,258,-136.592,1281.02
643,259,-134.266,1281.02
643,260,-136.798,1281.02
643,261,-129.767,1281.02
643,262,-127.724,1281.02
643,263,-138.708,1281.02
643,264,-125.698,1261.3
643,265,-131.355,1213.31
643,266,-125.638,1208.59
643,267,-131.534,1188.41
643,268,-130.36,1221.7
643,269,-132.159,1126.55
643,270,-133.574,1164.89
643,271,-137.684,1125.91
643,272,-129.58,1176.59
643,273,-130.619,1117.2
643,274,-134.12,1117.2
643,275,-139.734,1117.2
643,276,-124.204,1117.2
643,277,-135.383,1117.2
643,278,-123.956,1067.96
643,279,-134.24,1067.96
643,280,-129.383,966.356
643,281,-127.356,1030
643,282,-123.149,1099.52
643,283,-125.67,1098.93
643,284,-130.198,1086.56
643,285,-128.702,1056.25
643,286,-127.051,1103.33
643,287,-124.961,1103.33
643,288,-124.217,1113.64
643,289,-136.802,1186.69
643,290,-129.129,1218.05
643,291,-142.613,1158.63
643,292,-127.33,1097.4
643,293,-128.739,1160.76
643,294,-133.786,1087.29
643,295,-120.989,1077.02
643,296,-129.002,1107.49
643,297,-134.543,1107.49
643,298,-124.286,1107.49
643,299,-141.405,1118.33
643,300,-124.414,1055.42
643,301,-127.601,1062.57
643,302,-120.15,1062.57
643,303,-130.796,1060.52
643,304,-126.661,1145.06
643,305,-131.943,1145.06
643,306,-128.25,1142.97
643,307,-136.368,1142.97
643,308,-130.964,1142.97
643,309,-127.192,1142.97
643,310,-130.762,1130.71
643,311,-139.546,1033.63
643,312,-138.334,1029.07
643,313,-130.377,1026.31
643,314,-132.675,1048.29
643,315,-129.203,1068.74
643,316,-123.152,1041.95
643,317,-118.51,961.033
643,318,-117.114,961.033
643,319,-123.766,968.409
643,320,-122.166,933.54
643,321,-123.73,961.033
643,322,-126.816,961.033
643,323,-126.075,924.077
643,324,-122.383,1010.39
643,325,-131.165,985.188
643,326,-125.254,985.188
643,327,-120.033,985.188
643,328,-128.008,985.188
643,329,-120.125,985.188
643,330,-124.286,985.188
643,331,-128.004,1010.31
643,332,-122.429,1052.67
643,333,-120.431,1042.88
643,334,-128.285,1011.01
643,335,-148.267,1120.89
643,336,-132.993,1052.46
643,337,-139.44,1130.42
643,338,-132.289,1132.74
643,339,-135.329,1011.96
643,340,-123.935,1024.48
643,341,-127.929,1108.6
643,342,-127.625,1154.17
643,343,-130.398,1153.54
643,344,-126.329,1117.7
643,345,-132.018,1213.09
643,346,-128.649,1213.09
643,347,-137.233,1230.49
643,348,-127.19,1231.09
643,349,-131.884,1231.09
643,350,-127.578,1231.09
643,351,-130.957,1255.49
643,352,-134.092,1255.49
643,353,-136.123,1562.97
643,354,-132.024,1472.54
643,355,-128.466,1525.51
643,356,-128.622,1426.97
643,357,-130.288,1426.97
643,358,-138.635,1332.74
643,359,-139.843,1382.05
643,360,-133.186,1399.13
643,361,-145.681,1429.64
643,362,-129.492,1400.31
643,363,-127.863,1398.4
643,364,-144.35,1470.3
643,365,-137.822,1473.8
643,366,-143.178,1434.25
643,367,-132.661,1454.44
643,368,-133.25,1399.13
643,369,-128.029,1383.93
643,370,-128.733,1383.93
643,371,-129.065,1352.83
643,372,-129.931,1352.83
643,373,-134.429,1290.93
643,374,-156.585,1290.93
643,375,-132.335,1290.93
643,376,-129.501,1353.15
643,377,-132.154,1268.16
643,378,-125.983,1382.7
643,379,-127.985,1268.38
643,380,-130.233,1381.67
643,381,-139.355,1338.06
643,382,-128.022,1397.75
643,383,-132.839,1145.75
643,384,-129.78,1145.75
643,385,-123.41,1121.76
643,386,-140.271,1282.07
643,387,-133.647,1400.4
643,388,-134.722,1561.64
643,389,-145.642,1565.59
643,390,-139.366,1496.4
643,391,-135.9,1458.92
643,392,-132.161,1597.28
643,393,-128.447,809.46
643,394,-115.48,809.46
643,395,-134.707,766.027
643,396,-117.121,744.019
643,397,-117.785,775.099
643,398,-122.406,714.747
643,399,-127.6,691.153
643,400,-129.407,780.408
643,401,-126.05,809.649
643,402,-119.663,809.649
643,403,-115.827,809.649
643,404,-114.056,659.298
643,405,-125.761,659.298
643,406,-112.545,649.415
643,407,-122.144,658.538
643,408,-114.031,640.05
643,409,-114.953,812.256
643,410,-121.85,812.256
643,411,-142.759,739.42
643,412,-126.955,777.577
643,413,-141.16,726.155
643,414,-114.469,686.4
643,415,-121.667,854.92
643,416,-124.893,930.943
643,417,-110.204,601.994
643,418,-124.707,595.564
643,419,-107.847,457.726
643,420,-120.766,505.565
643,421,-117.206,424.988
643,422,-116.303,878.216
643,423,-124.788,923.828
643,424,-126.062,950.582
643,425,-133.226,917.34
643,426,-133.867,791.556
643,427,-118.187,791.556
643,428,-123.079,741.425
643,429,-127.086,741.425
643,430,-114.281,683.3
643,431,-116.513,570.716
643,432,-119.622,570.716
643,433,-130.485,524.716
643,434,-113.635,522.108
643,435,-121.6,533.819
643,436,-116.099,574.59
643,437,-115.072,622.944
643,438,-117.575,654.395
643,439,-119.506,800.341
643,440,-123.643,530.97
643,441,-114.329,513.924
643,442,-114.028,565.481
643,443,-116.569,667.668
643,444,-123.868,467.181
643,445,-127.651,1105.48
643,446,-131.238,1090.96
643,447,-124.374,1038.78
643,448,-128.381,1035.17
643,449,-130.075,1038.9
643,450,-130.752,996.94
643,451,-140.692,1046.66
643,452,-132.769,1278.02
643,453,-131.048,1303.15
643,454,-134.711,1540.81
643,455,-133.372,1590.93
643,456,-129.785,1573.16
643,457,-136.769,1573.16
643,458,-134.301,1573.16
643,459,-149.155,1652.13
643,460,-147.231,1685.36
643,461,-130.205,1674.66
643,462,-135.877,1651.94
643,463,-137.177,1644.11
643,464,-132.85,1635.89
643,465,-132.926,1699.87
643,466,-142.984,1694.59
643,467,-137.827,1670.58
643,468,-154.914,1670.58
643,469,-127.965,854.538
643,470,-123.605,862.788
643,471,-125.22,1012.97
643,472,-121.862,1054.79
643,473,-130.443,1075.12
643,474,-123.003,1058.35
643,475,-127.41,997.072
643,476,-138.995,972.805
643,477,-133.615,972.805
643,478,-121.496,1076.61
643,479,-129.272,1111.63
643,480,-127.788,1090.49
643,481,-136.114,1090.49
643,482,-133.172,1300.59
643,483,-125.745,1264.08
643,484,-126.714,899.513
643,485,-139.036,1060.35
643,486,-123.177,1020.08
643,487,-120.433,943.828
643,488,-121.915,965.794
643,489,-122.422,965.794
643,490,-133.655,964.309
643,491,-126.925,943.828
643,492,-127.357,980.398
643,493,-140.76,965.794
643,494,-124.581,980.398
643,495,-134.266,1224.49
643,496,-130.854,847.596
643,497,-126.002,846.956
643,498,-113.724,771.574
643,499,-145.793,1468.09
643,500,-139.903,1568.24
643,501,-131.18,1702.41
643,502,-136.537,1710.2
643,503,-139.888,1751.74
643,504,-133.309,1757.72
643,505,-130.655,1752.24
643,506,-138.935,1787.57
643,507,-140.245,1849.05
643,508,-132.047,1667.39
643,509,-136.068,1579.63
643,510,-130.406,1873.75
643,511,-116.336,589.786
643,512,-113.156,587.512
643,513,-116.797,589.294
643,514,-125.474,591.508
643,515,-107.787,363.075
643,516,-105.959,436.836
643,517,-109.314,459.119
643,518,-118.165,483.626
643,519,-114.236,492.29
643,520,-112.302,500.546
643,521,-120.283,591.403
643,522,-84.799,145.804
643,523,-89.9844,163.96
643,524,-96.5432,178.366
643,525,-97.6019,299.161
643,526,-138.726,1577.95
643,527,-123.83,779.166
643,528,-119.507,814.565
643,529,-123.267,814.311
643,530,-122.202,820.605
643,531,-119.469,822.321
643,532,-117.631,787.497
643,533,-117.068,823.959
643,534,-126.709,833.793
643,535,-127.95,954.454
643,536,-135.686,960.757
643,537,-104.233,282.726
643,538,-104.591,231.376
643,539,-98.4751,345.131
643,540,-105.069,298.555
643,541,-68.0956,47.6532
643,542,-90.9732,163.351
643,543,-104.696,367.81
643,544,-128.624,874.904
643,545,-141.042,1224.66
643,546,-141.157,2227.52
643,547,-142.548,1315.59
643,548,-102.455,342.336
643,549,-142.861,1561.02
643,550,-114.369,662.682
643,551,-136.686,1616.06
643,552,-137.967,1852.59
643,553,-116.351,395.057
643,554,-124.82,682.281
643,555,-130.732,1080.18
643,556,-120.3,1112.26
643,557,-128.223,1712.42
643,558,-118.643,789.421
643,559,-120.97,884.252
643,560,-114.796,474.357
643,561,-142.164,1550.15
643,562,-128.247,832.099
643,563,-127.305,1152.05
643,564,-125.502,1055.84
643,565,-131.914,1842.21
643,566,-115.718,782.645
643,567,-132.974,2201.98
643,568,-123.347,815.819
643,569,-144.592,2153.73
643,570,-137.445,1414.84
643,571,-147.5,1990.3
643,572,-69.577,63.3931
643,573,-137.17,1449.43
643,574,-141.587,947.739
643,575,-119.001,912.746
643,576,-147.873,1416.14
643,577,-113.526,463.044
643,578,-142.554,1700.43
643,579,-103.168,379.781
643,580,-109.296,529.072
643,581,-127.871,1090.89
643,582,-131.451,2006.83
643,583,-133.531,1978.16
643,584,-126.84,839.305
643,585,-128.767,950.579
643,586,-132.171,1316.74
643,587,-119.867,847.161
643,588,-140.077,1096.67
643,589,-130.796,1376.5
643,590,-126.987,1063.77
643,591,-133.567,1411.56
643,592,-121.902,977.817
643,593,-95.5092,171.99
643,594,-144.059,1408.66
643,595,-118.05,520.315
643,596,-110.568,627.609
643,597,-138.765,1558.77
643,598,-119.72,1035.09
643,599,-136.858,1619.61
643,600,-126.143,1088.95
643,601,-131.441,1379.41
643,602,-126.514,1182.42
643,603,-136.963,1387.2
643,604,-130.186,1323.74
643,605,-133.518,1414.02
643,606,-137.417,1554.18
643,607,-129.848,1428.67
643,608,-143.011,1789.2
643,609,-134.437,1558
643,610,-140.607,1869.14
643,611,-117.908,526.779
643,612,-110.914,471.71
643,613,-129.618,1173.42
643,614,-129.352,1117.9
643,615,-126.697,983.866
643,616,-121.326,969.809
643,617,-124.419,979.707
643,618,-131.401,1413.09
643,619,-131.337,1181.41
643,620,-140.678,1441.65
643,621,-136.741,1273.32
643,622,-131.745,1352.31
643,623,-121.741,729.972
643,624,-129.467,1175.64
643,625,-124.392,906.578
643,626,-128.089,984.417
643,627,-140.731,1251.08
643,628,-130.132,1160.61
643,629,-127.664,1034.3
643,630,-126.384,1116.39
643,631,-133.916,1460.54
643,632,-128.413,1120.86
643,633,-122.071,478.879
643,634,-129.633,1513.93
643,635,-130.522,1236.22
643,636,-133.547,1190.69
643,637,-133.19,1452.29
643,638,-143.181,1955.24
643,639,-132.283,1488.61
643,640,-121.245,1067.11
643,641,-126.09,1066.52
643,642,-128.638,1065.94
644,0,-147.972,1878.76
644,1,-137.141,1866.87
644,2,-140.679,1358.24
644,3,-137.743,1501.31
644,4,-109.594,337.489
644,5,-144.477,2083.33
644,6,-101.445,267.298
644,7,-139.318,873.91
644,8,-137.72,1718.35
644,9,-132.788,1624.54
644,10,-135.919,1985.02
644,11,-124.193,875.939
644,12,-119.357,947.271
644,13,-103.701,323.762
644,14,-105.304,449.507
644,15,-94.1319,187.539
644,16,-143.604,2036.66
644,17,-66.3806,62.3925
644,18,-135.528,1387.63
644,19,-135.49,1638.07
644,20,-137.79,1287.36
644,21,-135.834,1162.56
644,22,-130.264,1339.38
644,23,-126.359,1195.12
644,24,-134.201,2177.13
644,25,-131.704,881.446
644,26,-119.371,824.153
644,27,-117.732,553.166
644,28,-136.735,1915.56
644,29,-149.025,1541.85
644,30,-135.857,1833.65
644,31,-132.455,1942.7
644,32,-138.374,2051.66
644,33,-134.47,1712.58
644,34,-118.329,825.319
644,35,-155.392,2084.74
644,36,-139.963,1780.43
644,37,-142.254,1466.28
644,38,-118.786,794.603
644,39,-129.476,997.272
644,40,-144.348,1766.21
644,41,-131.156,1791.3
644,42,-131.519,855.029
644,43,-127.574,965.539
644,44,-124.444,924.224
644,45,-86.7378,78.2081
644,46,-116.052,409.807
644,47,-114.964,818.42
644,48,-119.423,819.068
644,49,-118.829,819.715
644,50,-125.07,820.362
644,51,-125.33,880.855
644,52,-124.874,760.423
644,53,-124.334,760.997
644,54,-135.909,1230.68
644,55,-135.864,1287.06
644,56,-135.998,1287.66
644,57,-131.223,1477.38
644,58,-137.152,1454.66
644,59,-137.534,1455.22
644,60,-129.751,1468.54
644,61,-133.203,1469.07
644,62,-178.91,1968.78
644,63,-133.32,1969.26
644,64,-148.419,1940.09
644,65,-144.281,1940.56
644,66,-143.85,1930.37
644,67,-131.335,1930.85
644,68,-147.401,1604.09
644,69,-129.744,1604.59
644,70,-133.385,1554.15
644,71,-130.901,1554.65
644,72,-138.191,1913.28
644,73,-145.014,1913.89
644,74,-137.971,1919.85
644,75,-145.126,1963.09
644,76,-155.36,2045.98
644,77,-142.602,2046.42
644,78,-138.305,2030.94
644,79,-134.386,1920.14
644,80,-135.83,1920.57
644,81,-134.557,1921.01
644,82,-143.348,1550.49
644,83,-129.841,1550.95
644,84,-124.317,1240.21
644,85,-127.592,1240.52
644,86,-130.709,1240.83
644,87,-144.233,1241.14
644,88,-136.105,1237.26
644,89,-139.896,1237.44
644,90,-131.611,1313.6
644,91,-136.566,1314.01
644,92,-123.24,1192.21
644,93,-126.807,1192.68
644,94,-131.35,1694.83
644,95,-134.727,1695.3
644,96,-135.452,1783.24
644,97,-137.317,1783.71
644,98,-144.56,2139.02
644,99,-143.805,2139.37
644,100,-139.342,2139.72
644,101,-136.603,2140.06
644,102,-141.672,2137.89
644,103,-146.859,2138.21
644,104,-130.319,1883.2
644,105,-141.212,1883.35
644,106,-137.417,1883.49
644,107,-140.198,1883.64
644,108,-135.302,1883.79
644,109,-135.23,1844.52
644,110,-155.714,1844.68
644,111,-138.385,1878.73
644,112,-136.991,1878.91
644,113,-139.906,2005.76
644,114,-137.86,2005.94
644,115,-145.522,2006.12
644,116,-142.694,2006.3
644,117,-139.48,2092.22
644,118,-134.761,2092.48
644,119,-137.021,2092.73
644,120,-136.31,2092.99
644,121,-139.869,2055.84
644,122,-143.3,2056.13
644,123,-147.872,1991.46
644,124,-137.026,1991.78
644,125,-140.246,1992.09
644,126,-134.484,1992.41
644,127,-138.455,1887.81
644,128,-137.611,1888.16
644,129,-141.443,1888.51
644,130,-134.498,1768.5
644,131,-139.318,1768.87
644,132,-142.061,1769.24
644,133,-148.11,1722.47
644,134,-133.617,1722.85
644,135,-139.821,1599.07
644,136,-139.532,1599.45
644,137,-135.214,1599.83
644,138,-141.714,1600.21
644,139,-135.931,1578.84
644,140,-128.406,1401.54
644,141,-134.17,1401.93
644,142,-130.856,1505.05
644,143,-131.916,1505.41
644,144,-130.443,1566.97
644,145,-132.464,1567.35
644,146,-138.151,1567.72
644,147,-136.892,1409.6
644,148,-127.974,1409.92
644,149,-136.13,1410.24
644,150,-131.761,1410.56
644,151,-133.387,1366.45
644,152,-137.947,1366.74
644,153,-131.614,1367.04
644,154,-125.251,1358.41
644,155,-130.25,1358.68
644,156,-133.675,1380.91
644,157,-126.526,1381.09
644,158,-128.815,1427.47
644,159,-139.191,1427.6
644,160,-126.925,1492.68
644,161,-139.548,1492.83
644,162,-126.931,1568.92
644,163,-132.045,1569.09
644,164,-138.346,1621.57
644,165,-141.442,1621.75
644,166,-131.721,1621.94
644,167,-141.452,1622.12
644,168,-126.838,1067.12
644,169,-135.746,1067.51
644,170,-129.129,921.273
644,171,-136.767,921.71
644,172,-120.746,787.432
644,173,-122.519,787.837
644,174,-128.349,1005.97
644,175,-127.095,1006.31
644,176,-127.496,748.478
644,177,-122.233,748.786
644,178,-119.201,747.11
644,179,-112.405,747.277
644,180,-127.519,982.37
644,181,-124.24,982.504
644,182,-123.13,978.338
644,183,-132.091,978.572
644,184,-126.436,988.144
644,185,-127.013,988.45
644,186,-120.129,816.025
644,187,-120.34,816.36
644,188,-112.798,617.994
644,189,-116.768,617.934
644,190,-83.297,84.8031
644,191,-81.5738,85.5084
644,192,-78.7611,86.2137
644,193,-92.2289,184.755
644,194,-93.3749,185.39
644,195,-96.1664,214.001
644,196,-98.3454,214.183
644,197,-97.1663,214.369
644,198,-109.516,393.466
644,199,-107.239,393.412
644,200,-106.571,393.359
644,201,-103.78,362.216
644,202,-118.663,362.392
644,203,-113.593,354.495
644,204,-114.428,354.796
644,205,-99.3746,355.098
644,206,-120.96,389.136
644,207,-108.42,389.603
644,208,-120.634,390.072
644,209,-107.461,455.384
644,210,-110.371,455.843
644,211,-117.203,456.304
644,212,-114.173,673.451
644,213,-117.771,673.434
644,214,-109.417,431.301
644,215,-114.652,431.953
644,216,-106.96,432.604
644,217,-96.5418,345.027
644,218,-114.64,560.639
644,219,-102.33,317.605
644,220,-107.014,318.161
644,221,-130.957,2017.38
644,222,-138.278,2036.62
644,223,-122.677,963.246
644,224,-117.335,940.183
644,225,-122.873,921.682
644,226,-129.295,848.34
644,227,-130.273,812.72
644,228,-122.864,787.264
644,229,-129.105,922.327
644,230,-122.925,788.029
644,231,-132.566,1396.65
644,232,-139.417,1396.65
644,233,-141.324,1396.65
644,234,-130.418,1396.65
644,235,-115.954,544.096
644,236,-109.531,544.096
644,237,-117.904,574.523
644,238,-125.099,574.523
644,239,-110.029,608.011
644,240,-126.358,592.158
644,241,-127.096,714.064
644,242,-109.505,634.006
644,243,-112.896,516.711
644,244,-106.438,456.537
644,245,-110.94,450.849
644,246,-110.7,469.851
644,247,-104.969,429.026
644,248,-106.654,451.041
644,249,-109.112,490.783
644,250,-107.789,516.124
644,251,-120.865,427.162
644,252,-129.072,738.21
644,253,-127.419,993.318
644,254,-124.777,866.169
644,255,-124.485,891.705
644,256,-123.503,858.115
644,257,-116.571,810.348
644,258,-126.659,887.691
644,259,-125.041,887.691
644,260,-121.799,887.691
644,261,-119.769,887.691
644,262,-120.424,887.691
644,263,-131.491,887.691
644,264,-120.46,798.57
644,265,-133.168,909.911
644,266,-115.575,864.83
644,267,-118.686,874.698
644,268,-118.54,835.008
644,269,-120.278,836.181
644,270,-121.032,944.035
644,271,-118.916,981.853
644,272,-120.854,880.696
644,273,-125.8,923.945
644,274,-121.448,923.945
644,275,-126.164,923.945
644,276,-125.83,923.945
644,277,-135.47,923.945
644,278,-122.842,811.845
644,279,-122.304,811.845
644,280,-127.873,913.779
644,281,-128.452,851.346
644,282,-114.558,781.234
644,283,-116.67,792.889
644,284,-117.694,809.828
644,285,-137.598,1127.03
644,286,-123.271,1146.18
644,287,-125.346,1146.18
644,288,-129.797,1180.42
644,289,-128.188,1022.4
644,290,-131.583,1340.06
644,291,-130.568,1124.63
644,292,-129.891,1191.47
644,293,-137.552,1231.1
644,294,-133.428,1313.34
644,295,-124.11,1262.73
644,296,-137.9,1352.16
644,297,-148.706,1352.16
644,298,-128.721,1352.16
644,299,-130.356,1356.32
644,300,-136.028,1527.08
644,301,-128.903,1444.16
644,302,-140.339,1444.16
644,303,-134.6,1525.48
644,304,-124.488,1466.94
644,305,-129.964,1466.94
644,306,-130.875,1458.43
644,307,-140.831,1458.43
644,308,-128.751,1458.43
644,309,-129.265,1458.43
644,310,-132.587,1557.03
644,311,-137.265,1525.36
644,312,-132.235,1527.35
644,313,-128.767,1527.9
644,314,-135.183,1538.71
644,315,-136.069,1645.69
644,316,-133.279,1626.87
644,317,-133.928,1561.84
644,318,-138.402,1561.84
644,319,-136.172,1602.13
644,320,-135.815,1628.82
644,321,-143.776,1561.84
644,322,-131.128,1561.84
644,323,-138.751,1548.2
644,324,-147.925,1630.96
644,325,-137.525,1721.36
644,326,-134.357,1721.36
644,327,-132.82,1721.36
644,328,-143.237,1721.36
644,329,-137.87,1721.36
644,330,-135.42,1721.36
644,331,-139.681,1723.77
644,332,-135.129,1715.29
644,333,-133.684,1766.72
644,334,-134.933,1866.07
644,335,-140.283,1778.11
644,336,-139.608,1810.87
644,337,-138.172,1804.47
644,338,-138.72,1795.11
644,339,-130.512,1826.55
644,340,-135.212,1856.81
644,341,-141.433,1932.88
644,342,-132.632,1855.9
644,343,-133.443,1869.45
644,344,-148.781,1988.39
644,345,-142.021,1946.74
644,346,-132.195,1946.74
644,347,-142.206,1896.81
644,348,-139.09,1883.45
644,349,-142.416,1883.45
644,350,-143.762,1883.45
644,351,-142.451,1932.12
644,352,-147.156,1932.12
644,353,-134.191,1831.33
644,354,-143.665,1862.09
644,355,-141.6,2012.74
644,356,-141.585,1869.78
644,357,-132.622,1869.78
644,358,-134.587,1949.52
644,359,-149.96,1941.5
644,360,-127.107,1338.57
644,361,-131.031,1500.8
644,362,-150.085,1576.82
644,363,-136.139,1591.3
644,364,-151.478,1725.52
644,365,-133.654,1725.7
644,366,-138.753,1730.05
644,367,-141.492,1500.39
644,368,-134.384,1338.57
644,369,-138.914,1401.04
644,370,-130.531,1401.04
644,371,-144.28,1485.86
644,372,-134.562,1485.86
644,373,-133.444,1553.09
644,374,-132.551,1553.09
644,375,-130.056,1553.09
644,376,-131.798,1586.44
644,377,-131.057,1525.81
644,378,-157.652,1396.65
644,379,-126.231,1238.66
644,380,-126.359,1348.8
644,381,-128.269,1359.03
644,382,-136.154,1248.44
644,383,-130.95,1688.32
644,384,-132.947,1688.32
644,385,-135.882,1649.65
644,386,-143.318,1852.29
644,387,-138.646,1705.73
644,388,-138.313,1999.12
644,389,-154.059,2077.07
644,390,-145.83,2081.76
644,391,-137.337,2151.63
644,392,-150.504,2262.75
644,393,-128.43,1616.28
644,394,-129.492,1616.28
644,395,-133.299,1768.61
644,396,-135.458,1578.93
644,397,-133.569,1586.95
644,398,-129.534,1575.4
644,399,-134.423,1571.13
644,400,-140.963,1668.76
644,401,-138.074,1705.39
644,402,-139.117,1705.39
644,403,-143.076,1705.39
644,404,-150.554,1772.93
644,405,-139.453,1772.93
644,406,-143.479,1725.5
644,407,-133.819,1715.01
644,408,-130.971,1692.93
644,409,-136.155,1775.21
644,410,-134.115,1775.21
644,411,-137.094,1923
644,412,-137.618,1853.73
644,413,-138.3,1878.84
644,414,-134.737,1836.49
644,415,-131.095,1759.04
644,416,-121.681,961.252
644,417,-139.887,1279.18
644,418,-127.989,1283.4
644,419,-133.115,1421.28
644,420,-127.799,1374.26
644,421,-134.129,1454.8
644,422,-128.62,1389.62
644,423,-135.485,1429.29
644,424,-147.492,1452.36
644,425,-142.789,1517.74
644,426,-162.466,1564.49
644,427,-132.735,1564.49
644,428,-133.889,1565
644,429,-127.625,1565
644,430,-129.57,1560.37
644,431,-132.488,1556.73
644,432,-132.077,1556.73
644,433,-135.07,1655.06
644,434,-132.197,1768.7
644,435,-137.741,1811.6
644,436,-148.543,1892.08
644,437,-134.415,1955.95
644,438,-128.057,1239.44
644,439,-127.212,1089.55
644,440,-129.289,1358.62
644,441,-134.06,1385.95
644,442,-131.093,1329.06
644,443,-136.27,1383.49
644,444,-137.072,1471.69
644,445,-121.168,870.049
644,446,-121.584,904.395
644,447,-117.352,1018.71
644,448,-125.227,1081.61
644,449,-130.281,1151.95
644,450,-130.351,1209.89
644,451,-120.137,955.841
644,452,-121.454,780.219
644,453,-127.109,753.281
644,454,-112.425,371.158
644,455,-99.8991,353.81
644,456,-105.59,314.363
644,457,-120.706,314.363
644,458,-108.458,314.363
644,459,-98.241,262.072
644,460,-109.559,271.296
644,461,-97.4392,256.554
644,462,-112.798,313.218
644,463,-101.375,325.122
644,464,-99.1071,329.472
644,465,-101.714,304.154
644,466,-108.081,312.578
644,467,-91.8816,213.52
644,468,-90.4801,213.52
644,469,-135.041,1991.74
644,470,-140.691,1999.01
644,471,-146.425,2025.94
644,472,-147.226,1963.76
644,473,-134.636,2046.48
644,474,-140.023,2115.34
644,475,-141.378,2112.76
644,476,-140.626,2020.79
644,477,-134.797,2020.79
644,478,-131.861,2028.46
644,479,-141.077,2139.4
644,480,-148.57,2113.33
644,481,-137.956,2113.33
644,482,-138.858,2099.7
644,483,-139.113,2084.92
644,484,-134.702,1411
644,485,-127.81,1276.13
644,486,-137.657,1270.06
644,487,-123.757,1361.98
644,488,-131.042,1347.32
644,489,-127.537,1347.32
644,490,-140.201,1321.18
644,491,-129.197,1361.98
644,492,-132.859,1391.55
644,493,-132.032,1347.32
644,494,-135.356,1391.55
644,495,-128.378,1200.13
644,496,-142.206,2039.67
644,497,-137.941,2039.78
644,498,-133.671,1983.37
644,499,-113.622,434.105
644,500,-100.33,311.679
644,501,-87.2852,176.58
644,502,-92.3135,174.892
644,503,-96.9698,201.582
644,504,-104.207,168.01
644,505,-95.4813,205.333
644,506,-95.1329,95.2547
644,507,-64.0594,31.8232
644,508,-99.8503,285.797
644,509,-105.801,345.349
644,510,-84.8497,115.601
644,511,-141.814,1476.53
644,512,-132.267,1488.94
644,513,-156.363,1485.95
644,514,-130.521,1482.18
644,515,-129.582,1673.79
644,516,-132.902,1692.94
644,517,-139.329,1645.36
644,518,-131.731,1622.88
644,519,-138.225,1793.54
644,520,-145.164,1978.64
644,521,-139.478,1948.48
644,522,-133.816,1807.78
644,523,-132.858,1866.33
644,524,-163.05,1936.15
644,525,-136.656,1895.98
644,526,-113.667,345.737
644,527,-128.96,1217.75
644,528,-138.269,1300.69
644,529,-137.208,1303.03
644,530,-129.086,1215.33
644,531,-133.774,1209.67
644,532,-126.781,1176.65
644,533,-139.63,1175.53
644,534,-124.364,1180.89
644,535,-121.061,955.222
644,536,-129.299,979.546
644,537,-137.037,1618.01
644,538,-131.822,1679.81
644,539,-137.56,1533.75
644,540,-126.181,1582.24
644,541,-130.415,1842.44
644,542,-136.097,2010.78
644,543,-140.998,1907.06
644,544,-122.345,1006.84
644,545,-120.248,674.247
644,546,-111.597,377.66
644,547,-133.188,792.019
644,548,-143.369,2079.58
644,549,-126.458,1537.58
644,550,-130.789,1218.79
644,551,-130.047,1204.9
644,552,-113.465,374.19
644,553,-134.523,1874.14
644,554,-134.094,1211.84
644,555,-136.374,1850.09
644,556,-132.734,1187.56
644,557,-140.197,1760.86
644,558,-131.179,1452.13
644,559,-132.971,1702.23
644,560,-137.799,2252.17
644,561,-132.895,1940.21
644,562,-135.129,1087.81
644,563,-137.982,2082.61
644,564,-139.966,1220.42
644,565,-99.2833,284.81
644,566,-137.427,1899.36
644,567,-133.546,1236.68
644,568,-136.556,1145.21
644,569,-102.556,364.935
644,570,-123.227,867.543
644,571,-126.942,1117.48
644,572,-138.751,1884.22
644,573,-107.051,453.741
644,574,-142.416,1767.6
644,575,-135.923,1076.71
644,576,-132.732,1935.96
644,577,-133.075,1568.11
644,578,-136.377,1966.04
644,579,-138.652,2120.81
644,580,-136.633,1486.75
644,581,-119.083,792.812
644,582,-91.6604,191.63
644,583,-126.263,814.111
644,584,-138.455,1915.98
644,585,-130.488,1407.69
644,586,-140.571,2164.86
644,587,-136.485,1465.74
644,588,-123.896,1034.19
644,589,-122.594,744.674
644,590,-152.73,2163.96
644,591,-117.633,603.66
644,592,-130.974,1824.3
644,593,-140.333,1878.76
644,594,-130.562,1866.87
644,595,-135.122,1358.24
644,596,-127.01,1501.31
644,597,-100.19,337.489
644,598,-145.086,2083.33
644,599,-99.2423,267.298
644,600,-121.361,873.91
644,601,-132.604,1718.35
644,602,-135.408,1624.54
644,603,-140.952,1985.02
644,604,-127.931,875.939
644,605,-128.522,947.271
644,606,-104.329,323.762
644,607,-112.295,449.507
644,608,-105.179,187.539
644,609,-143.697,2036.66
644,610,-71.9681,62.3925
644,611,-131.502,1387.63
644,612,-138.892,1638.07
644,613,-128.975,1287.36
644,614,-126.482,1162.56
644,615,-135.547,1339.38
644,616,-128.986,1195.12
644,617,-135.094,2177.13
644,618,-116.317,881.446
644,619,-123.164,824.153
644,620,-117.958,553.166
644,621,-142.502,1915.56
644,622,-136.12,1541.85
644,623,-138.096,1833.65
644,624,-138.43,1942.7
644,625,-133.964,2051.66
644,626,-137.704,1712.58
644,627,-120.773,825.319
644,628,-140.891,2084.74
644,629,-148.026,1780.43
644,630,-134.558,1466.28
644,631,-121.331,794.603
644,632,-134.667,997.272
644,633,-134.034,1766.21
644,634,-139.865,1791.3
644,635,-119.714,855.029
644,636,-126.459,965.539
644,637,-127.374,924.224
644,638,-75.8583,78.2081
644,639,-107.308,409.807
644,640,-131.784,818.42
644,641,-119.062,819.068
644,642,-126.756,819.715
645,0,-128.853,1371.77
645,1,-111.339,245.06
645,2,-133.24,1474.45
645,3,-135.287,1048.64
645,4,-146.82,1818.52
645,5,-118.021,556.062
645,6,-154.547,1886.71
645,7,-128.587,1379.27
645,8,-111.045,392.221
645,9,-108.497,527.227
645,10,-88.788,164.212
645,11,-125.764,1241.54
645,12,-127.386,1164.45
645,13,-138.442,1899.95
645,14,-149.984,1832.18
645,15,-139.223,1929.38
645,16,-81.2705,97.3016
645,17,-150.013,2060.46
645,18,-132.529,1330.5
645,19,-131.396,1118.48
645,20,-127.438,846.616
645,21,-122.974,995.565
645,22,-129.795,885.139
645,23,-134.396,1046.34
645,24,-123.619,683.69
645,25,-128.167,1229.3
645,26,-135.631,1366.6
645,27,-139.017,1575.16
645,28,-103.233,280.039
645,29,-120.233,568.811
645,30,-133.508,809.504
645,31,-109.692,363.966
645,32,-118.522,680.123
645,33,-128.707,599.501
645,34,-125.211,1321.73
645,35,-107.715,417.182
645,36,-112.04,528.778
645,37,-114.453,695
645,38,-127.183,1317.02
645,39,-126.263,1180.77
645,40,-131.862,1064.74
645,41,-108.876,343.392
645,42,-145.554,1292.62
645,43,-127.718,1182.83
645,44,-126.981,1190.72
645,45,-156.044,2174.06
645,46,-139.587,1762.5
645,47,-141.734,1715.4
645,48,-149.077,1715.48
645,49,-134.645,1715.55
645,50,-129.741,1715.63
645,51,-143.822,1624.99
645,52,-129.087,1591.56
645,53,-135.49,1591.58
645,54,-128.854,1417.79
645,55,-138.061,1440.5
645,56,-131.271,1440.76
645,57,-130.764,1411.74
645,58,-132.022,1276.04
645,59,-130.869,1276.37
645,60,-127.984,1185.74
645,61,-124.438,1186.06
645,62,-129.921,953.188
645,63,-128.768,953.752
645,64,-133.773,957.243
645,65,-123.509,957.794
645,66,-131.527,970.642
645,67,-120.097,971.188
645,68,-121.647,1070.36
645,69,-125.801,1070.74
645,70,-129.076,1075.49
645,71,-125.297,1075.84
645,72,-133.668,1556.25
645,73,-131.411,1556.75
645,74,-132.805,1375.96
645,75,-142.892,1348.53
645,76,-121.119,846.842
645,77,-117.287,847.445
645,78,-119.702,719.721
645,79,-121.476,811.477
645,80,-122.34,812.019
645,81,-124.688,812.561
645,82,-125.947,953.578
645,83,-126.507,953.902
645,84,-122.437,920.431
645,85,-129.908,920.419
645,86,-129.518,920.407
645,87,-122.161,920.395
645,88,-119.252,873.702
645,89,-134.184,873.498
645,90,-135.981,988.051
645,91,-130,988.198
645,92,-118.538,1157.47
645,93,-129.585,1157.61
645,94,-118.907,954.37
645,95,-126.298,954.79
645,96,-134.221,925.334
645,97,-120.769,925.803
645,98,-107.042,517.166
645,99,-112.278,517.833
645,100,-108.272,518.501
645,101,-110.612,519.169
645,102,-108.019,445.568
645,103,-109.389,446.241
645,104,-100.278,256.507
645,105,-95.7343,256.041
645,106,-113.047,255.575
645,107,-111.366,255.111
645,108,-98.5476,254.648
645,109,-96.5825,283.413
645,110,-105.099,283.016
645,111,-88.1221,232.197
645,112,-100.501,231.975
645,113,-81.3143,109.001
645,114,-81.5485,108.639
645,115,-83.3994,108.28
645,116,-88.8608,107.925
645,117,-94.3843,211.869
645,118,-99.9406,212.519
645,119,-96.1776,213.169
645,120,-95.2166,213.82
645,121,-111.952,296.086
645,122,-99.7589,296.699
645,123,-109.694,423.491
645,124,-108.771,424.053
645,125,-108.881,424.616
645,126,-109.134,425.179
645,127,-125.218,545.345
645,128,-112.892,545.832
645,129,-105.38,546.32
645,130,-120.518,638.731
645,131,-118.161,639.132
645,132,-116.749,639.534
645,133,-116.316,681.711
645,134,-120.784,682.085
645,135,-118.099,749.304
645,136,-121.198,749.587
645,137,-121.883,749.87
645,138,-113.678,750.155
645,139,-128.252,889.796
645,140,-123.379,898.494
645,141,-117.069,898.668
645,142,-119.252,771.506
645,143,-123.4,771.699
645,144,-119.999,749.738
645,145,-116.686,749.987
645,146,-125.713,750.236
645,147,-116.239,782.623
645,148,-120.17,782.695
645,149,-118.95,782.767
645,150,-121.094,782.84
645,151,-119.8,793.833
645,152,-126.898,793.844
645,153,-119.481,793.855
645,154,-126.682,780.324
645,155,-116.147,780.286
645,156,-116.864,730.413
645,157,-116.682,730.2
645,158,-119.586,695.432
645,159,-128.777,695.142
645,160,-111.678,625.591
645,161,-118.557,625.315
645,162,-112.029,543.628
645,163,-113.412,543.391
645,164,-114.498,489.205
645,165,-109.961,489
645,166,-121.338,488.796
645,167,-108.233,488.593
645,168,-139.656,1143.45
645,169,-131.291,1143.46
645,170,-131.706,1309.9
645,171,-134.953,1309.91
645,172,-139.794,1392.91
645,173,-129.291,1392.85
645,174,-123.758,1159.05
645,175,-123.258,1159.01
645,176,-126.226,1380.95
645,177,-134.911,1380.83
645,178,-131.607,1364.05
645,179,-124.665,1363.85
645,180,-133.303,1133.66
645,181,-138.771,1133.43
645,182,-127.759,1136.32
645,183,-134.321,1136.17
645,184,-134.273,1151.18
645,185,-120.666,1151.1
645,186,-132.298,1327.4
645,187,-126.84,1327.31
645,188,-129.509,1545.95
645,189,-129.627,1545.67
645,190,-138.11,2095.61
645,191,-136.07,2095.45
645,192,-135.445,2095.29
645,193,-139.196,1992.79
645,194,-139.364,1992.65
645,195,-143.08,1896.57
645,196,-134.446,1896.38
645,197,-132.423,1896.19
645,198,-141.61,1745.55
645,199,-140.081,1745.31
645,200,-135.016,1745.08
645,201,-138.077,1748.42
645,202,-137.876,1748.23
645,203,-157.609,1762.18
645,204,-138.312,1762.01
645,205,-140.379,1761.85
645,206,-145.403,1768.81
645,207,-140.058,1768.69
645,208,-137.841,1768.57
645,209,-135.005,1709.16
645,210,-136.78,1709.05
645,211,-141.342,1708.94
645,212,-143.749,1478.97
645,213,-130.419,1478.69
645,214,-143.398,1873.55
645,215,-141.457,1873.49
645,216,-131.835,1873.43
645,217,-140.947,2062.78
645,218,-136.543,1700.63
645,219,-143.159,1864.64
645,220,-137.761,1864.52
645,221,-131.083,1264.8
645,222,-130.362,1240.08
645,223,-124.462,1147.34
645,224,-133.849,1170.39
645,225,-134.565,1188.88
645,226,-134.538,1262.23
645,227,-132.374,1297.84
645,228,-150.297,1323.37
645,229,-120.076,1188.25
645,230,-130.177,1333.94
645,231,-115.057,717.062
645,232,-117.065,717.062
645,233,-120.828,717.062
645,234,-143.986,717.062
645,235,-134.146,1589.58
645,236,-132.953,1589.58
645,237,-125.003,1558.57
645,238,-137.038,1558.57
645,239,-135.096,1511.87
645,240,-135.108,1522.99
645,241,-135.035,1406.01
645,242,-131.908,1517.3
645,243,-137.05,1625.85
645,244,-145.291,1661.16
645,245,-135.273,1667.25
645,246,-139.965,1649.8
645,247,-132.891,1690.76
645,248,-155.985,1684.88
645,249,-133.384,1619.8
645,250,-133.835,1594.44
645,251,-132.287,1683.93
645,252,-125.552,1385.92
645,253,-135.515,1126.39
645,254,-136.937,1265.2
645,255,-122.63,1233.89
645,256,-136.809,1280.25
645,257,-128.368,1329.36
645,258,-124.811,1238.62
645,259,-129.926,1238.62
645,260,-128.088,1238.62
645,261,-124.147,1238.62
645,262,-136.14,1238.62
645,263,-129.312,1238.62
645,264,-125.268,1349.76
645,265,-135.421,1237.63
645,266,-123.987,1294.48
645,267,-129.892,1293.49
645,268,-135.576,1324.84
645,269,-134.778,1400.27
645,270,-123.895,1220.58
645,271,-125.537,1196.57
645,272,-126.235,1293.02
645,273,-141.471,1276.83
645,274,-128.035,1276.83
645,275,-133.85,1276.83
645,276,-126.078,1276.83
645,277,-136.31,1276.83
645,278,-134.741,1601.71
645,279,-163.394,1601.71
645,280,-138.366,1643.15
645,281,-137.981,1676.52
645,282,-132.847,1699.5
645,283,-132.857,1753.71
645,284,-138.359,1764.13
645,285,-126.443,1066.36
645,286,-134.991,1019.87
645,287,-123.299,1019.87
645,288,-126.513,978.423
645,289,-122.304,1120.33
645,290,-118.96,782.44
645,291,-130.463,1019.61
645,292,-125.62,974.077
645,293,-119.969,907.63
645,294,-120.284,853.685
645,295,-122.172,909.524
645,296,-138.401,806.541
645,297,-117.405,806.541
645,298,-131.875,806.541
645,299,-120.738,797.947
645,300,-123.465,673.563
645,301,-111.967,741.439
645,302,-124.948,741.439
645,303,-117.506,671.932
645,304,-113.229,682.256
645,305,-129.84,682.256
645,306,-114.166,690.977
645,307,-117.672,690.977
645,308,-120.415,690.977
645,309,-122.58,690.977
645,310,-119.878,608.203
645,311,-122.013,688.06
645,312,-114.577,689.279
645,313,-117.928,690.566
645,314,-121.225,668.301
645,315,-111.402,575.021
645,316,-112.623,606.053
645,317,-123.651,709.072
645,318,-132.775,709.072
645,319,-120.749,675.609
645,320,-119.256,685.849
645,321,-117.202,709.072
645,322,-115.253,709.072
645,323,-118.583,746.567
645,324,-148.798,625.592
645,325,-114.469,594.783
645,326,-130.843,594.783
645,327,-138.654,594.783
645,328,-119.683,594.783
645,329,-113.707,594.783
645,330,-119.269,594.783
645,331,-119.036,572.852
645,332,-126.215,543.568
645,333,-114.278,526.817
645,334,-122.192,530.01
645,335,-122.74,458.859
645,336,-117.676,502.65
645,337,-109.438,439.152
645,338,-110.482,441.549
645,339,-109.529,535.335
645,340,-115.101,518.143
645,341,-105.57,430.905
645,342,-117.789,399.861
645,343,-107.818,396.356
645,344,-114.66,427.873
645,345,-107.922,327.137
645,346,-102.433,327.137
645,347,-107.698,321.819
645,348,-101.34,326.126
645,349,-106.769,326.126
645,350,-111.396,326.126
645,351,-101.965,290.1
645,352,-104.7,290.1
645,353,-108.027,325.633
645,354,-100.303,253.364
645,355,-81.4186,105.101
645,356,-104.482,240.859
645,357,-95.7875,240.859
645,358,-92.3124,220.078
645,359,-103.419,191.606
645,360,-127.836,777.364
645,361,-121.319,619.705
645,362,-111.55,537.118
645,363,-107.566,522.112
645,364,-111.511,397.727
645,365,-110.535,398.588
645,366,-103.628,384.641
645,367,-115.343,626.148
645,368,-118.695,777.364
645,369,-132.997,712.807
645,370,-114.492,712.807
645,371,-119.304,625.041
645,372,-116.581,625.041
645,373,-115.6,561.137
645,374,-116.331,561.137
645,375,-115.325,561.137
645,376,-115.873,524.125
645,377,-112.323,591.085
645,378,-119.373,717.062
645,379,-125.278,875.58
645,380,-123.532,764.874
645,381,-118.641,751.665
645,382,-118.814,866.757
645,383,-118.81,496.595
645,384,-117.023,496.595
645,385,-118.406,538.852
645,386,-101.431,305.716
645,387,-107.028,405.6
645,388,-84.4818,141.643
645,389,-69.2608,59.9331
645,390,-65.6561,43.8875
645,391,-94.2527,125.01
645,392,-99.0735,154.963
645,393,-118.783,798.257
645,394,-128.472,798.257
645,395,-117.344,780.636
645,396,-118.661,879.278
645,397,-118.42,846.003
645,398,-127.157,908.778
645,399,-133.241,933.919
645,400,-127.917,798.585
645,401,-123.597,756.935
645,402,-120.243,756.935
645,403,-130.726,756.935
645,404,-118.993,884.269
645,405,-124.487,884.269
645,406,-133.784,903.81
645,407,-119.152,897.842
645,408,-131.628,923.006
645,409,-120.855,734.759
645,410,-115.961,734.759
645,411,-118.141,809.628
645,412,-117.356,761.992
645,413,-119.98,815.678
645,414,-117.897,853.09
645,415,-118.288,697.919
645,416,-140.426,1476.83
645,417,-142.828,1454.96
645,418,-133.044,1476.2
645,419,-124.169,1464.62
645,420,-127.08,1457.83
645,421,-137.009,1526.77
645,422,-119.153,912.934
645,423,-120.811,842.399
645,424,-124.132,803.286
645,425,-116.417,774.341
645,426,-126.436,845.362
645,427,-131.466,845.362
645,428,-120.357,890.461
645,429,-128.477,890.461
645,430,-126.425,948.473
645,431,-130.153,1065.38
645,432,-125.435,1065.38
645,433,-127.336,1053.75
645,434,-125.561,1021.06
645,435,-126.44,1005.73
645,436,-127.303,971.828
645,437,-125.731,940.104
645,438,-138.186,1398.65
645,439,-130.377,1444.93
645,440,-137.198,1403.38
645,441,-135.995,1367.92
645,442,-129.022,1386.71
645,443,-123.696,1121.47
645,444,-135.895,1287.5
645,445,-131.2,1366.99
645,446,-126.525,1327.55
645,447,-132.817,1210.9
645,448,-128.067,1133.46
645,449,-128.242,1048.65
645,450,-127.571,1010.93
645,451,-132.962,1292.97
645,452,-135.163,1364.43
645,453,-127.77,1386.09
645,454,-142.951,1773.88
645,455,-134.459,1766.68
645,456,-149.65,1851.27
645,457,-136.054,1851.27
645,458,-147.78,1851.27
645,459,-139.47,1860.78
645,460,-135.027,1839.73
645,461,-139.16,1858.25
645,462,-133.837,1798.49
645,463,-130.291,1786.61
645,464,-134.311,1783.04
645,465,-145.729,1807.97
645,466,-133.84,1799.49
645,467,-138.88,1932.54
645,468,-135.897,1932.54
645,469,-123.683,709.527
645,470,-118.654,703.496
645,471,-114.649,552.404
645,472,-106.228,489.385
645,473,-113.098,493.22
645,474,-113.916,549.763
645,475,-112.184,616.365
645,476,-122.565,593.859
645,477,-123.32,593.859
645,478,-117.421,484.157
645,479,-118.985,506.554
645,480,-117.938,512.535
645,481,-112.514,512.535
645,482,-97.4398,267.812
645,483,-105.535,301.231
645,484,-133.379,876.789
645,485,-119.041,904.186
645,486,-125.771,932.595
645,487,-129.656,890.078
645,488,-122.11,889.206
645,489,-120.875,889.206
645,490,-124.955,915.927
645,491,-132.277,890.078
645,492,-121.529,837.672
645,493,-127.497,889.206
645,494,-121.002,837.672
645,495,-124.24,921.931
645,496,-124.688,738.054
645,497,-125.495,738.805
645,498,-131.698,794.428
645,499,-136.158,1739.22
645,500,-136.914,1878.38
645,501,-151.727,1976.05
645,502,-142.03,1959.74
645,503,-165.413,1909.49
645,504,-140.038,1942.71
645,505,-133.472,1906.03
645,506,-135.306,2069.1
645,507,-159.814,2080.7
645,508,-135.975,2102.34
645,509,-135.355,2033.24
645,510,-141.533,2188.33
645,511,-122.233,1112.87
645,512,-123.862,1103.59
645,513,-127.532,1104.38
645,514,-126.113,1105.43
645,515,-128.363,1218.34
645,516,-126.785,1128.39
645,517,-121.203,1127.95
645,518,-127.078,1114.62
645,519,-129.205,1048.11
645,520,-128.67,1077.16
645,521,-126.296,970.153
645,522,-131.458,1400.08
645,523,-127.933,1377.24
645,524,-128.214,1389.53
645,525,-136.644,1250.31
645,526,-141.703,2030.72
645,527,-128.041,1204.43
645,528,-123.794,1058.65
645,529,-129.156,1056.27
645,530,-133.252,1157.72
645,531,-135.638,1163.5
645,532,-135.851,1259.26
645,533,-131.356,1210.78
645,534,-127.691,1190.8
645,535,-128.043,1429.29
645,536,-131.782,1360.77
645,537,-141.344,1392.73
645,538,-129.996,1389.73
645,539,-130.378,1515.18
645,540,-138.415,1531.55
645,541,-141.116,1561.7
645,542,-139.815,1670.26
645,543,-134.229,1896.48
645,544,-135.616,1626.21
645,545,-136.291,1591.67
645,546,-154.575,2272.08
645,547,-134.335,1335.75
645,548,-137.816,1868.72
645,549,-117.86,629.875
645,550,-130.377,1461.68
645,551,-142.944,2661.89
645,552,-143.114,2346.94
645,553,-130.749,1913.47
645,554,-153.443,1401.96
645,555,-128.33,467.198
645,556,-147.329,2213.43
645,557,-120.452,511.131
645,558,-151.701,2069.59
645,559,-140.778,2291.34
645,560,-132.653,1952.97
645,561,-100.946,199.379
645,562,-146.358,1360.75
645,563,-105.612,425.605
645,564,-133.33,964.315
645,565,-148.74,1879.74
645,566,-121.264,760.731
645,567,-147.148,3082.66
645,568,-132.423,1271.76
645,569,-142.232,2145.91
645,570,-126.685,1243.13
645,571,-147.066,2885.21
645,572,-131.196,1601.99
645,573,-143.36,1723.8
645,574,-112.432,609.739
645,575,-131.674,1254.27
645,576,-97.6386,181.251
645,577,-131.62,1804.25
645,578,-105.302,303.418
645,579,-127.495,1326.95
645,580,-147.492,1806.5
645,581,-136.491,1715.29
645,582,-140.929,2301.55
645,583,-142.348,1574.84
645,584,-126.382,705.117
645,585,-140.893,2199.03
645,586,-96.3268,294.828
645,587,-122.108,870.961
645,588,-125.881,1150.63
645,589,-139.317,2157.44
645,590,-124.863,578.686
645,591,-150.92,2071.89
645,592,-126.867,567.755
645,593,-139.279,1371.77
645,594,-99.3533,245.06
645,595,-134.676,1474.45
645,596,-121.498,1048.64
645,597,-142.355,1818.52
645,598,-119.715,556.062
645,599,-135.809,1886.71
645,600,-129.718,1379.27
645,601,-104.195,392.221
645,602,-109.632,527.227
645,603,-105.167,164.212
645,604,-133.991,1241.54
645,605,-134.6,1164.45
645,606,-136.786,1899.95
645,607,-135.615,1832.18
645,608,-143.807,1929.38
645,609,-77.7983,97.3016
645,610,-139.822,2060.46
645,611,-125.047,1330.5
645,612,-120.346,1118.48
645,613,-122.12,846.616
645,614,-123.121,995.565
645,615,-117.748,885.139
645,616,-123.797,1046.34
645,617,-118.473,683.69
645,618,-155.535,1229.3
645,619,-129.69,1366.6
645,620,-129.311,1575.16
645,621,-98.472,280.039
645,622,-115.241,568.811
645,623,-130.88,809.504
645,624,-102.281,363.966
645,625,-130.831,680.123
645,626,-109.851,599.501
645,627,-143.457,1321.73
645,628,-114.385,417.182
645,629,-114.066,528.778
645,630,-119.016,695
645,631,-130.815,1317.02
645,632,-125.752,1180.77
645,633,-125.398,1064.74
645,634,-102.706,343.392
645,635,-141.284,1292.62
645,636,-122.801,1182.83
645,637,-131.502,1190.72
645,638,-142.544,2174.06
645,639,-141.794,1762.5
645,640,-140.996,1715.4
645,641,-129.336,1715.48
645,642,-140.234,1715.55
