1,0,-41.6862,-95,23.3697
1,0,-41.6862,-96,23.3697
1,0,-50.7389,-94,39.0781
1,0,-65.159,-103,88.6335
1,0,-73.2672,-103,140.47
1,0,-78.1367,-99,185.22
1,0,-78.1367,-97,185.22
1,0,-78.7891,-100,192.21
1,0,-78.7891,-101,192.21
1,0,-78.7926,-104,192.249
1,0,-79.7413,-109,202.891
1,0,-80.9619,-97,217.454
1,0,-89.5317,-95,353.784
1,0,-89.5317,-92,353.784
1,0,-97.4852,-103,555.784
1,0,-97.4852,-112,555.784
1,0,-97.4852,-94,555.784
1,0,-99.6557,-100,628.697
1,0,-99.6557,-97,628.697
1,0,-102.081,-99,721.547
1,0,-102.265,-96,729.122
1,0,-101.905,-112,714.353
1,0,-100.1,-117,644.775
1,0,-105.283,-105,865.422
1,0,-107.742,-110,995.171
1,0,-108.502,-108,1039.05
1,0,-109.284,-114,1086.2
1,0,-109.685,-115,1111.24
1,0,-111.498,-111,1231.75
1,0,-111.79,-115,1252.38
1,0,-111.846,-112,1256.32
1,0,-112.202,-115,1282.04
1,0,-112.366,-112,1293.97
1,0,-112.279,-107,1287.64
1,0,-112.279,-109,1287.64
1,0,-112.271,-108,1287.02
1,0,-112.271,-100,1287.02
1,0,-112.231,-98,1284.11
1,0,-111.872,-94,1258.23
1,0,-111.872,-101,1258.23
1,0,-110.97,-100,1195.37
1,0,-110.017,-102,1132.37
1,0,-109.636,-106,1108.14
1,0,-109.184,-116,1080.1
1,0,-106.677,-104,936.736
1,0,-106.531,-110,929.018
1,0,-106.514,-110,928.102
1,0,-106.557,-108,930.397
1,0,-105.841,-109,893.32
1,0,-105.841,-110,893.32
1,0,-103.585,-108,785.896
1,0,-102.326,-110,731.636
1,0,-101.837,-107,711.613
1,0,-101.837,-113,711.613
1,0,-101.837,-113,711.613
1,0,-101.541,-112,699.737
1,0,-102.168,-115,725.116
1,0,-102.571,-110,741.888
1,0,-103.819,-114,796.398
1,0,-104.171,-112,812.486
1,0,-108.08,-112,1014.41
1,0,-110.644,-113,1173.45
1,0,-111.988,-110,1266.53
1,0,-114.364,-113,1449.46
1,0,-115.212,-111,1521.02
1,0,-115.212,-111,1521.02
1,0,-115.866,-110,1578.55
1,0,-115.866,-112,1578.55
1,0,-115.866,-112,1578.55
1,0,-115.841,-110,1576.33
1,0,-115.841,-110,1576.33
1,0,-115.884,-109,1580.21
1,0,-115.884,-113,1580.21
1,0,-115.928,-111,1584.1
1,0,-115.833,-109,1575.62
1,0,-115.833,-107,1575.62
1,0,-116.096,-111,1599.34
1,0,-116.124,-104,1601.81
1,0,-116.094,-109,1599.16
1,0,-116.091,-109,1598.9
1,0,-116.091,-110,1598.87
1,0,-116.091,-110,1598.87
1,0,-116.091,-109,1598.87
1,0,-116.084,-106,1598.21
1,0,-115.496,-111,1545.71
1,0,-115.102,-107,1511.53
1,0,-115.102,-112,1511.53
1,0,-115.102,-109,1511.53
1,0,-115.102,-108,1511.53
1,0,-115.096,-111,1511.05
1,0,-115.047,-112,1506.83
1,0,-114.753,-112,1481.83
1,0,-114.809,-110,1486.61
1,0,-114.79,-106,1485
1,0,-114.729,-110,1479.83
1,0,-114.829,-109,1488.26
1,0,-114.829,-106,1488.26
1,0,-114.852,-113,1490.22
1,0,-115.03,-110,1505.37
1,0,-115.021,-115,1504.61
1,0,-115.013,-111,1503.92
1,0,-114.887,-110,1493.22
1,0,-114.887,-107,1493.22
1,0,-114.075,-108,1425.92
1,0,-114.075,-108,1425.92
1,0,-113.695,-109,1395.43
1,0,-113.412,-110,1373.18
1,0,-114.956,-105,1499.06
1,0,-114.956,-109,1499.06
1,0,-115,-109,1502.79
1,0,-115,-108,1502.79
1,0,-116.995,-109,1683.09
1,0,-117.814,-109,1763.23
1,0,-117.814,-107,1763.23
1,0,-117.814,-109,1763.23
1,0,-117.357,-114,1718.05
1,0,-116.988,-111,1682.43
1,0,-116.988,-111,1682.43
1,0,-117.127,-108,1695.74
1,0,-117.127,-107,1695.74
1,0,-116.838,-109,1668.19
1,0,-116.838,-114,1668.19
1,0,-114.376,-113,1450.48
1,0,-113.776,-112,1401.92
1,0,-116.545,-112,1640.61
1,0,-116.545,-108,1640.61
1,0,-116.545,-114,1640.61
1,0,-116.545,-115,1640.61
1,0,-116.545,-111,1640.61
1,0,-116.545,-102,1640.61
1,0,-116.545,-109,1640.61
1,0,-116.545,-107,1640.61
1,0,-116.545,-108,1640.61
1,0,-116.545,-112,1640.61
1,0,-116.545,-111,1640.61
1,0,-116.545,-106,1640.61
1,0,-116.545,-107,1640.61
1,0,-116.545,-109,1640.61
1,0,-116.545,-107,1640.61
1,0,-116.545,-110,1640.61
1,0,-116.545,-110,1640.61
1,0,-116.545,-112,1640.61
1,0,-116.545,-110,1640.61
1,0,-116.545,-109,1640.61
1,0,-116.545,-105,1640.61
1,0,-116.545,-107,1640.61
1,0,-116.545,-110,1640.61
1,0,-116.545,-110,1640.61
1,0,-116.545,-108,1640.61
1,0,-116.545,-94,1640.61
1,0,-116.545,-95,1640.61
1,0,-116.545,-99,1640.61
1,0,-116.545,-98,1640.61
1,0,-116.562,-99,1642.23
1,0,-117.152,-99,1698.19
1,0,-117.152,-97,1698.19
1,0,-117.152,-100,1698.19
1,0,-117.152,-98,1698.19
1,0,-117.264,-101,1708.98
1,0,-117.689,-99,1750.73
1,0,-118.255,-98,1807.95
1,0,-118.255,-99,1807.95
1,0,-118.26,-98,1808.48
1,0,-118.284,-96,1810.95
1,0,-119.451,-99,1935.03
1,0,-119.742,-95,1967.28
1,0,-119.677,-99,1960
1,0,-119.546,-101,1945.42
1,0,-118.846,-100,1869.67
1,0,-117.375,-106,1719.78
1,0,-115.816,-104,1574.12
1,0,-115.816,-104,1574.12
1,0,-114.707,-106,1477.97
1,0,-113.812,-102,1404.74
1,0,-113.812,-101,1404.74
1,0,-113.843,-106,1407.26
1,0,-100,-102,641.119
1,0,-100,-102,641.119
1,0,-98.6389,-107,593.421
1,0,-97.4158,-102,553.6
1,0,-94.828,-105,477.934
1,0,-94.828,-103,477.934
1,0,-93.3294,-98,438.941
1,0,-93.3294,-93,438.941
1,0,-95.1278,-98,486.141
1,0,-95.7862,-101,504.665
1,0,-95.7862,-87,504.665
1,0,-97.8324,-97,566.855
1,0,-100.47,-88,658.459
1,0,-98.2071,-100,579.045
1,0,-97.5013,-93,556.293
1,0,-97.0175,-83,541.217
1,0,-97.0175,-89,541.217
1,0,-97.0175,-79,541.217
1,0,-97.0175,-86,541.217
1,0,-97.0175,-81,541.217
1,0,-97.245,-89,548.255
1,0,-97.245,-78,548.255
1,0,-97.245,-66,548.255
1,0,-97.8645,-70,567.887
1,0,-98.609,-81,592.415
1,0,-100.259,-77,650.596
1,0,-100.259,-78,650.596
1,0,-104.141,-78,811.109
1,0,-104.141,-87,811.109
1,0,-100.937,-84,676.139
1,0,-96.294,-86,519.43
1,0,-93.9457,-85,454.577
1,0,-92.3407,-78,414.973
1,0,-90.3123,-78,369.82
1,0,-86.2534,-76,293.684
1,0,-82.4889,-77,237.155
1,0,-80.3974,-77,210.593
1,0,-65.5857,-76,90.8077
1,0,-65.5857,-77,90.8077
1,0,-51.0167,-74,39.6995
1,0,-44.312,-79,27.128
1,0,-44.312,-80,27.128
1,0,-44.312,-79,27.128
1,0,-45.768,-77,29.4666
1,0,-45.768,-80,29.4666
1,0,-45.768,-80,29.4666
1,0,-45.768,-81,29.4666
1,0,-45.768,-82,29.4666
1,0,-45.768,-83,29.4666
1,0,-45.768,-79,29.4666
1,0,-44.6058,-81,27.5844
1,0,-44.6058,-84,27.5844
1,0,-44.6058,-75,27.5844
1,0,-44.6058,-62,27.5844
1,0,-44.6058,-87,27.5844
1,0,-40.7219,-71,22.1243
1,0,-37.5703,-61,18.4985
1,0,-37.5703,-57,18.4985
1,0,-36.8889,-51,17.7963
1,0,-38.2628,-50,19.2405
1,0,-43.98,-51,26.6213
1,0,-43.98,-50,26.6213
1,0,-50.4168,-51,38.3699
1,0,-50.4168,-51,38.3699
1,0,-53.1132,-53,44.7192
1,0,-53.8852,-52,46.7234
1,0,-52.9416,-52,44.2856
1,0,-52.9416,-52,44.2856
1,0,-52.2876,-51,42.6708
1,0,-52.2876,-52,42.6708
