252,0,-69.6199,177.386
252,1,-101.723,1409.33
252,2,-79.7671,522.123
252,3,-84.8001,629.109
252,4,-101.852,1559.37
252,5,-98.1834,1036
252,6,-103.218,1620.19
252,7,-90.1852,1089.82
252,8,-97.3185,1380.1
252,9,-94.0586,1183.21
252,10,-92.5983,1387.88
252,11,-93.0556,1324.46
252,12,-108.744,1414.68
252,13,-102.317,1554.78
252,14,-100.571,1429.33
252,15,-96.6817,1789.73
252,16,-100.382,1558.6
252,17,-108.198,1869.65
252,18,-83.4394,528.566
252,19,-84.7281,473.704
252,20,-88.5225,1174.22
252,21,-94.5997,1118.74
252,22,-92.1592,984.824
252,23,-87.5552,970.78
252,24,-96.5806,980.668
252,25,-103.37,1413.76
252,26,-96.0339,1182.21
252,27,-93.7906,1442.3
252,28,-96.7292,1274.06
252,29,-94.0382,1353.01
252,30,-90.0415,731.262
252,31,-100.665,1176.45
252,32,-96.9076,907.617
252,33,-89.2516,985.375
252,34,-97.6219,1251.84
252,35,-88.4354,1161.42
252,36,-92.4349,1035.21
252,37,-89.222,1117.24
252,38,-99.4344,1461.19
252,39,-95.1294,1121.7
252,40,-81.6525,480.843
252,41,-96.5741,1514.55
252,42,-97.4517,1236.98
252,43,-92.1306,1191.48
252,44,-109.124,1452.93
252,45,-101.655,1955.72
252,46,-96.0583,1489.24
252,47,-98.0022,1067.99
252,48,-97.9944,1067.4
252,49,-97.9866,1066.82
252,50,-97.9788,1066.24
252,51,-89.6086,998.175
252,52,-97.7865,1125.47
252,53,-97.7785,1124.83
252,54,-87.8344,659.967
252,55,-86.4214,597.671
252,56,-86.406,597.024
252,57,-77.2937,412.628
252,58,-81.0298,491.476
252,59,-81.0094,490.773
252,60,-82.3542,539.342
252,61,-82.3356,538.64
252,62,-84.1446,616.626
252,63,-84.1364,616.269
252,64,-83.8191,602.698
252,65,-83.81,602.317
252,66,-83.4374,586.77
252,67,-83.428,586.383
252,68,-86.5274,537.454
252,69,-86.5101,536.802
252,70,-86.3527,564.784
252,71,-86.3358,564.113
252,72,-48.5591,56.565
252,73,-48.6685,57.0009
252,74,-70.4411,187.907
252,75,-77.6557,237.514
252,76,-79.7199,751.388
252,77,-87.139,751.06
252,78,-87.6596,861.667
252,79,-90.1777,738.282
252,80,-90.1694,737.852
252,81,-90.161,737.421
252,82,-86.0394,686.269
252,83,-86.0258,685.615
252,84,-90.4267,1104.26
252,85,-90.4177,1103.57
252,86,-90.4087,1102.87
252,87,-90.3997,1102.17
252,88,-90.8847,1350.68
252,89,-90.8774,1349.99
252,90,-94.6249,879.227
252,91,-94.6136,878.529
252,92,-92.8731,850.342
252,93,-92.8613,849.636
252,94,-80.103,609.027
252,95,-80.0893,608.44
252,96,-89.431,617.964
252,97,-89.419,617.441
252,98,-93.8405,1102.79
252,99,-93.8357,1102.41
252,100,-93.8308,1102.04
252,101,-93.826,1101.67
252,102,-96.9207,1165.72
252,103,-96.9159,1165.33
252,104,-96.8205,1540.97
252,105,-96.8152,1540.4
252,106,-96.8099,1539.83
252,107,-96.8047,1539.26
252,108,-96.7994,1538.69
252,109,-96.5157,1508.35
252,110,-96.5102,1507.78
252,111,-94.423,1447.72
252,112,-94.4175,1447.16
252,113,-94.6086,1515.64
252,114,-94.6037,1515.11
252,115,-94.5988,1514.59
252,116,-94.5938,1514.06
252,117,-99.0734,1347.12
252,118,-99.0686,1346.66
252,119,-99.0637,1346.2
252,120,-99.0588,1345.74
252,121,-100.411,1258.02
252,122,-100.406,1257.56
252,123,-100.006,1123.29
252,124,-100,1122.83
252,125,-99.9942,1122.37
252,126,-99.9883,1121.91
252,127,-89.1854,995.103
252,128,-89.1783,994.609
252,129,-89.1712,994.115
252,130,-87.5394,916.762
252,131,-87.5309,916.215
252,132,-87.5224,915.669
252,133,-87.7386,886.116
252,134,-87.7294,885.549
252,135,-94.0641,879.033
252,136,-94.054,878.412
252,137,-94.044,877.792
252,138,-94.0339,877.171
252,139,-87.8649,734.015
252,140,-86.5347,883.623
252,141,-86.5237,882.942
252,142,-87.3451,935.333
252,143,-87.3352,934.682
252,144,-94.4651,904.121
252,145,-94.4552,903.49
252,146,-94.4452,902.858
252,147,-97.3933,1045.63
252,148,-97.3841,1044.96
252,149,-97.375,1044.29
252,150,-97.3658,1043.62
252,151,-98.1894,1105.72
252,152,-98.1807,1105.04
252,153,-98.172,1104.36
252,154,-88.3617,1161.05
252,155,-88.3534,1160.37
252,156,-98.5329,1355.14
252,157,-98.5258,1354.47
252,158,-99.3726,1437.38
252,159,-99.3659,1436.72
252,160,-99.1855,1418.64
252,161,-99.1789,1417.98
252,162,-94.4016,1387.96
252,163,-94.395,1387.32
252,164,-101.473,1371.41
252,165,-101.466,1370.78
252,166,-101.46,1370.16
252,167,-101.453,1369.53
252,168,-96.0585,1047.1
252,169,-96.0489,1046.39
252,170,-90.1036,1083.6
252,171,-90.0945,1082.91
252,172,-96.437,1216.14
252,173,-96.429,1215.45
252,174,-98.5094,1142.44
252,175,-98.5006,1141.73
252,176,-97.5157,1331.67
252,177,-97.5082,1330.98
252,178,-99.5337,1471.41
252,179,-99.5269,1470.71
252,180,-109.055,1445.94
252,181,-109.048,1445.23
252,182,-94.6488,1310.08
252,183,-94.6412,1309.38
252,184,-92.3135,1206.87
252,185,-92.3052,1206.17
252,186,-97.7604,1264.07
252,187,-97.7525,1263.37
252,188,-95.8682,1714.22
252,189,-95.8624,1713.53
252,190,-95.1734,1808.52
252,191,-95.1687,1807.91
252,192,-95.1639,1807.31
252,193,-103.853,1694.06
252,194,-103.848,1693.45
252,195,-97.5337,1734.99
252,196,-97.5284,1734.35
252,197,-97.5231,1733.71
252,198,-103.327,1747.39
252,199,-103.322,1746.71
252,200,-103.316,1746.04
252,201,-93.4622,1647.46
252,202,-93.4565,1646.8
252,203,-100.95,1601.95
252,204,-100.944,1601.29
252,205,-100.938,1600.64
252,206,-96.311,1515.88
252,207,-96.305,1515.24
252,208,-96.2989,1514.6
252,209,-95.7597,1458.36
252,210,-95.7533,1457.71
252,211,-95.747,1457.06
252,212,-99.6114,1669.21
252,213,-99.6055,1668.51
252,214,-100.786,1451.02
252,215,-100.78,1450.42
252,216,-100.774,1449.82
252,217,-96.952,1598
252,218,-98.8111,1324.6
252,219,-101.904,1565.06
252,220,-101.898,1564.44
252,221,-76.4853,349.163
252,222,-90.0925,789.954
252,223,-97.9079,1368.84
252,224,-98.8584,1532.68
252,225,-96.9474,1435.34
252,226,-93.0798,938.215
252,227,-60.3214,133.211
252,228,-87.9007,712.038
252,229,-86.3526,498.068
252,230,-85.7656,545.96
252,231,-102.189,1798.55
252,232,-101.436,2331.45
252,233,-104.691,2138.46
252,234,-98.2545,1499.48
252,235,-83.9952,736.45
252,236,-68.1709,148.764
252,237,-102.055,2341.76
252,238,-75.8054,525.932
252,239,-85.8025,615.484
252,240,-101.262,1689.09
252,241,-102.66,2075.99
252,242,-95.1867,984.956
252,243,-67.3051,122.307
252,244,-71.2091,184.116
252,245,-93.2661,1079.59
252,246,-95.9162,1036.7
252,247,-96.8625,1588.78
252,248,-93.3592,968.602
252,249,-97.0768,1680.24
252,250,-103.09,2286.79
252,251,-86.7932,547.575
252,0,-66.725,177.386
252,1,-98.6245,1409.33
252,2,-87.0576,522.123
252,3,-84.3926,629.109
252,4,-94.8255,1559.37
252,5,-96.328,1036
252,6,-101.245,1620.19
252,7,-85.9286,1089.82
252,8,-101.676,1380.1
252,9,-100.366,1183.21
252,10,-98.4447,1387.88
252,11,-92.3308,1324.46
252,12,-98.3908,1414.68
252,13,-104.796,1554.78
252,14,-98.8663,1429.33
252,15,-98.966,1789.73
252,16,-94.7366,1558.6
252,17,-100.901,1869.65
252,18,-79.6953,528.566
252,19,-81.5584,473.704
252,20,-94.4317,1174.22
252,21,-87.9406,1118.74
252,22,-91.7067,984.824
252,23,-89.8474,970.78
252,24,-94.4912,980.668
252,25,-96.1008,1413.76
252,26,-94.163,1182.21
252,27,-99.9584,1442.3
252,28,-97.0951,1274.06
252,29,-100.314,1353.01
252,30,-81.4753,731.262
252,31,-98.2068,1176.45
252,32,-84.1736,907.617
252,33,-96.0596,985.375
252,34,-96.8325,1251.84
252,35,-93.3982,1161.42
252,36,-91.1426,1035.21
252,37,-98.4358,1117.24
252,38,-102.873,1461.19
252,39,-94.417,1121.7
252,40,-83.5811,480.843
252,41,-102.872,1514.55
252,42,-96.6623,1236.98
252,43,-93.9933,1191.48
252,44,-98.771,1452.93
252,45,-105.619,1955.72
252,46,-100.495,1489.24
252,47,-90.1175,1067.99
252,48,-90.1097,1067.4
252,49,-90.1019,1066.82
252,50,-90.0941,1066.24
252,51,-93.9578,998.175
252,52,-94.6568,1125.47
252,53,-94.6487,1124.83
252,54,-86.753,659.967
252,55,-85.3401,597.671
252,56,-85.3246,597.024
252,57,-82.6492,412.628
252,58,-79.5595,491.476
252,59,-79.5391,490.773
252,60,-80.8838,539.342
252,61,-80.8653,538.64
252,62,-85.6911,616.626
252,63,-85.6829,616.269
252,64,-85.3656,602.698
252,65,-85.3565,602.317
252,66,-84.9839,586.77
252,67,-84.9745,586.383
252,68,-83.3577,537.454
252,69,-83.3404,536.802
252,70,-82.6139,564.784
252,71,-82.597,564.113
252,72,-50.7897,56.565
252,73,-50.8991,57.0009
252,74,-67.5461,187.907
252,75,-68.9629,237.514
252,76,-89.7564,751.388
252,77,-87.5513,751.06
252,78,-91.8108,861.667
252,79,-81.6115,738.282
252,80,-81.6032,737.852
252,81,-81.5949,737.421
252,82,-85.6319,686.269
252,83,-85.6183,685.615
252,84,-86.0267,1104.26
252,85,-86.0177,1103.57
252,86,-86.0087,1102.87
252,87,-85.9997,1102.17
252,88,-95.7846,1350.68
252,89,-95.7773,1349.99
252,90,-89.4038,879.227
252,91,-89.3925,878.529
252,92,-88.7284,850.342
252,93,-88.7165,849.636
252,94,-90.9532,609.027
252,95,-90.9394,608.44
252,96,-89.3471,617.964
252,97,-89.335,617.441
252,98,-100.14,1102.79
252,99,-100.135,1102.41
252,100,-100.13,1102.04
252,101,-100.126,1101.67
252,102,-99.5355,1165.72
252,103,-99.5307,1165.33
252,104,-103.119,1540.97
252,105,-103.114,1540.4
252,106,-103.108,1539.83
252,107,-103.103,1539.26
252,108,-103.098,1538.69
252,109,-102.814,1508.35
252,110,-102.809,1507.78
252,111,-103.894,1447.72
252,112,-103.889,1447.16
252,113,-99.6765,1515.64
252,114,-99.6716,1515.11
252,115,-99.6666,1514.59
252,116,-99.6617,1514.06
252,117,-95.5669,1347.12
252,118,-95.562,1346.66
252,119,-95.5571,1346.2
252,120,-95.5523,1345.74
252,121,-99.1763,1258.02
252,122,-99.1712,1257.56
252,123,-97.548,1123.29
252,124,-97.5421,1122.83
252,125,-97.5362,1122.37
252,126,-97.5304,1121.91
252,127,-89.2571,995.103
252,128,-89.25,994.609
252,129,-89.2429,994.115
252,130,-89.6119,916.762
252,131,-89.6034,916.215
252,132,-89.5949,915.669
252,133,-94.5466,886.116
252,134,-94.5375,885.549
252,135,-89.3404,879.033
252,136,-89.3304,878.412
252,137,-89.3203,877.792
252,138,-89.3102,877.171
252,139,-82.9532,734.015
252,140,-92.8813,883.623
252,141,-92.8703,882.942
252,142,-93.6917,935.333
252,143,-93.6818,934.682
252,144,-89.7414,904.121
252,145,-89.7315,903.49
252,146,-89.7215,902.858
252,147,-96.0721,1045.63
252,148,-96.0629,1044.96
252,149,-96.0538,1044.29
252,150,-96.0446,1043.62
252,151,-96.8683,1105.72
252,152,-96.8595,1105.04
252,153,-96.8508,1104.36
252,154,-94.2708,1161.05
252,155,-94.2625,1160.37
252,156,-96.7514,1355.14
252,157,-96.7443,1354.47
252,158,-97.5911,1437.38
252,159,-97.5844,1436.72
252,160,-97.404,1418.64
252,161,-97.3974,1417.98
252,162,-100.678,1387.96
252,163,-100.671,1387.32
252,164,-104.272,1371.41
252,165,-104.266,1370.78
252,166,-104.259,1370.16
252,167,-104.253,1369.53
252,168,-92.7359,1047.1
252,169,-92.7263,1046.39
252,170,-85.847,1083.6
252,171,-85.8379,1082.91
252,172,-94.5662,1216.14
252,173,-94.5581,1215.45
252,174,-95.5954,1142.44
252,175,-95.5866,1141.73
252,176,-99.2408,1331.67
252,177,-99.2333,1330.98
252,178,-102.972,1471.41
252,179,-102.965,1470.71
252,180,-98.7022,1445.94
252,181,-98.6953,1445.23
252,182,-87.0104,1310.08
252,183,-87.0027,1309.38
252,184,-94.1762,1206.87
252,185,-94.1679,1206.17
252,186,-96.971,1264.07
252,187,-96.9632,1263.37
252,188,-99.8685,1714.22
252,189,-99.8627,1713.53
252,190,-99.5231,1808.52
252,191,-99.5183,1807.91
252,192,-99.5135,1807.31
252,193,-101.88,1694.06
252,194,-101.875,1693.45
252,195,-103.228,1734.99
252,196,-103.223,1734.35
252,197,-103.218,1733.71
252,198,-96.3239,1747.39
252,199,-96.3184,1746.71
252,200,-96.3129,1746.04
252,201,-94.6908,1647.46
252,202,-94.6851,1646.8
252,203,-98.2882,1601.95
252,204,-98.2824,1601.29
252,205,-98.2765,1600.64
252,206,-100.748,1515.88
252,207,-100.742,1515.24
252,208,-100.736,1514.6
252,209,-100.196,1458.36
252,210,-100.19,1457.71
252,211,-100.184,1457.06
252,212,-88.1571,1669.21
252,213,-88.1511,1668.51
252,214,-99.081,1451.02
252,215,-99.0751,1450.42
252,216,-99.0692,1449.82
252,217,-95.8969,1598
252,218,-97.0001,1324.6
252,219,-94.8774,1565.06
252,220,-94.8717,1564.44
252,221,-74.4538,349.163
252,222,-99.733,1766.24
252,223,-98.423,1770.28
252,224,-102.781,1968.56
252,225,-83.4354,390.068
252,226,-95.6292,1342.71
252,227,-93.9321,1205.76
252,228,-95.6837,1843.35
252,229,-83.4608,665.357
252,230,-99.7656,1603.07
252,231,-96.6901,957.197
252,232,-99.3914,1540.86
252,233,-89.9579,643.319
252,234,-102.606,1889.36
252,235,-98.6351,1866.9
252,236,-90.9224,896.237
252,237,-55.3408,74.4475
252,238,-91.0724,1030.12
252,239,-96.1429,1050.85
252,240,-94.3473,1568.78
252,241,-102.537,1553.85
252,242,-106.795,2475.71
252,243,-85.5134,690.262
252,244,-89.3629,889.061
252,245,-88.3095,872.022
252,246,-103.13,1665.03
252,247,-96.6904,2083.57
252,248,-95.9822,1397.54
252,249,-91.7554,707.264
252,250,-96.5363,1126.12
252,251,-57.9675,77.3034
252,0,-61.5224,177.386
252,1,-99.4027,1409.33
252,2,-81.3156,522.123
252,3,-82.2244,629.109
252,4,-99.9613,1559.37
252,5,-89.5562,1036
252,6,-97.8873,1620.19
252,7,-98.9665,1089.82
252,8,-95.7288,1380.1
252,9,-97.7851,1183.21
252,10,-94.2072,1387.88
252,11,-95.0135,1324.46
252,12,-101.888,1414.68
252,13,-101.642,1554.78
252,14,-99.9856,1429.33
252,15,-98.5674,1789.73
252,16,-96.5796,1558.6
252,17,-96.2727,1869.65
252,18,-82.3718,528.566
252,19,-86.4456,473.704
252,20,-96.1136,1174.22
252,21,-100.873,1118.74
252,22,-89.1148,984.824
252,23,-85.5252,970.78
252,24,-92.1148,980.668
252,25,-99.8685,1413.76
252,26,-94.294,1182.21
252,27,-96.5607,1442.3
252,28,-94.1204,1274.06
252,29,-93.6971,1353.01
252,30,-83.3869,731.262
252,31,-95.501,1176.45
252,32,-85.8588,907.617
252,33,-87.1503,985.375
252,34,-94.8909,1251.84
252,35,-91.9084,1161.42
252,36,-88.1398,1035.21
252,37,-99.7163,1117.24
252,38,-99.0972,1461.19
252,39,-85.9484,1121.7
252,40,-83.0365,480.843
252,41,-100.561,1514.55
252,42,-94.7207,1236.98
252,43,-97.2585,1191.48
252,44,-102.268,1452.93
252,45,-101.509,1955.72
252,46,-98.017,1489.24
252,47,-92.5565,1067.99
252,48,-92.5487,1067.4
252,49,-92.5409,1066.82
252,50,-92.5331,1066.24
252,51,-93.9083,998.175
252,52,-94.889,1125.47
252,53,-94.8809,1124.83
252,54,-85.9646,659.967
252,55,-84.5517,597.671
252,56,-84.5363,597.024
252,57,-78.3622,412.628
252,58,-85.1608,491.476
252,59,-85.1404,490.773
252,60,-86.4851,539.342
252,61,-86.4666,538.64
252,62,-87.9461,616.626
252,63,-87.9378,616.269
252,64,-87.6205,602.698
252,65,-87.6115,602.317
252,66,-87.2388,586.77
252,67,-87.2294,586.383
252,68,-88.2448,537.454
252,69,-88.2275,536.802
252,70,-86.3765,564.784
252,71,-86.3595,564.113
252,72,-50.1052,56.565
252,73,-50.2146,57.0009
252,74,-62.3435,187.907
252,75,-71.5666,237.514
252,76,-91.1247,751.388
252,77,-91.5419,751.06
252,78,-86.5854,861.667
252,79,-83.523,738.282
252,80,-83.5147,737.852
252,81,-83.5064,737.421
252,82,-83.4636,686.269
252,83,-83.4501,685.615
252,84,-98.9047,1104.26
252,85,-98.8957,1103.57
252,86,-98.8867,1102.87
252,87,-98.8777,1102.17
252,88,-96.7339,1350.68
252,89,-96.7266,1349.99
252,90,-90.1223,879.227
252,91,-90.111,878.529
252,92,-89.1676,850.342
252,93,-89.1558,849.636
252,94,-88.6885,609.027
252,95,-88.6748,608.44
252,96,-88.9012,617.964
252,97,-88.8891,617.441
252,98,-97.0766,1102.79
252,99,-97.0718,1102.41
252,100,-97.0669,1102.04
252,101,-97.0621,1101.67
252,102,-92.5895,1165.72
252,103,-92.5847,1165.33
252,104,-100.807,1540.97
252,105,-100.802,1540.4
252,106,-100.796,1539.83
252,107,-100.791,1539.26
252,108,-100.786,1538.69
252,109,-100.502,1508.35
252,110,-100.497,1507.78
252,111,-97.7069,1447.72
252,112,-97.7014,1447.16
252,113,-95.8284,1515.64
252,114,-95.8234,1515.11
252,115,-95.8185,1514.59
252,116,-95.8135,1514.06
252,117,-98.8327,1347.12
252,118,-98.8278,1346.66
252,119,-98.8229,1346.2
252,120,-98.8181,1345.74
252,121,-93.9802,1258.02
252,122,-93.975,1257.56
252,123,-94.8421,1123.29
252,124,-94.8363,1122.83
252,125,-94.8304,1122.37
252,126,-94.8245,1121.91
252,127,-90.322,995.103
252,128,-90.3149,994.609
252,129,-90.3079,994.115
252,130,-89.0096,916.762
252,131,-89.0011,916.215
252,132,-88.9926,915.669
252,133,-85.6373,886.116
252,134,-85.6282,885.549
252,135,-94.2074,879.033
252,136,-94.1973,878.412
252,137,-94.1872,877.792
252,138,-94.1772,877.171
252,139,-89.9735,734.015
252,140,-93.4274,883.623
252,141,-93.4164,882.942
252,142,-94.2378,935.333
252,143,-94.2279,934.682
252,144,-94.6084,904.121
252,145,-94.5984,903.49
252,146,-94.5885,902.858
252,147,-94.2984,1045.63
252,148,-94.2893,1044.96
252,149,-94.2801,1044.29
252,150,-94.271,1043.62
252,151,-95.0946,1105.72
252,152,-95.0859,1105.04
252,153,-95.0771,1104.36
252,154,-95.9527,1161.05
252,155,-95.9444,1160.37
252,156,-96.3277,1355.14
252,157,-96.3207,1354.47
252,158,-97.1674,1437.38
252,159,-97.1608,1436.72
252,160,-96.9803,1418.64
252,161,-96.9737,1417.98
252,162,-94.0605,1387.96
252,163,-94.0539,1387.32
252,164,-94.9959,1371.41
252,165,-94.9894,1370.78
252,166,-94.9829,1370.16
252,167,-94.9763,1369.53
252,168,-94.2787,1047.1
252,169,-94.269,1046.39
252,170,-98.885,1083.6
252,171,-98.8759,1082.91
252,172,-94.6972,1216.14
252,173,-94.6892,1215.45
252,174,-100.268,1142.44
252,175,-100.259,1141.73
252,176,-94.6386,1331.67
252,177,-94.6312,1330.98
252,178,-99.1966,1471.41
252,179,-99.1898,1470.71
252,180,-102.199,1445.94
252,181,-102.192,1445.23
252,182,-89.8597,1310.08
252,183,-89.852,1309.38
252,184,-97.4414,1206.87
252,185,-97.4331,1206.17
252,186,-95.0294,1264.07
252,187,-95.0216,1263.37
252,188,-99.5272,1714.22
252,189,-99.5214,1713.53
252,190,-97.3222,1808.52
252,191,-97.3174,1807.91
252,192,-97.3127,1807.31
252,193,-98.5226,1694.06
252,194,-98.5175,1693.45
252,195,-101.382,1734.99
252,196,-101.377,1734.35
252,197,-101.371,1733.71
252,198,-96.5719,1747.39
252,199,-96.5664,1746.71
252,200,-96.5609,1746.04
252,201,-98.2532,1647.46
252,202,-98.2475,1646.8
252,203,-90.1137,1601.95
252,204,-90.1079,1601.29
252,205,-90.1021,1600.64
252,206,-98.2697,1515.88
252,207,-98.2637,1515.24
252,208,-98.2576,1514.6
252,209,-97.7184,1458.36
252,210,-97.712,1457.71
252,211,-97.7057,1457.06
252,212,-102.833,1669.21
252,213,-102.827,1668.51
252,214,-100.2,1451.02
252,215,-100.194,1450.42
252,216,-100.188,1449.82
252,217,-96.7207,1598
252,218,-95.3393,1324.6
252,219,-100.013,1565.06
252,220,-100.007,1564.44
252,221,-75.7451,349.163
252,222,-100.979,1055.64
252,223,-88.8827,1015.31
252,224,-101.901,1652.03
252,225,-97.005,1396.42
252,226,-102.582,2186.26
252,227,-99.5078,2033.08
252,228,-98.3075,1776.42
252,229,-83.2017,641.374
252,230,-85.495,626.247
252,231,-75.6226,322.787
252,232,-89.0804,944.691
252,233,-105.195,1895.77
252,234,-101.926,1548.15
252,235,-91.461,1868.92
252,236,-93.2815,975.586
252,237,-81.954,458.307
252,238,-108.759,2141.65
252,239,-101.128,1384.84
252,240,-95.0045,1578.32
252,241,-99.7034,1735.95
252,242,-91.7945,1236.19
252,243,-99.5424,2038.01
252,244,-100.149,1151.67
252,245,-86.9955,571.095
252,246,-97.9114,1890.67
252,247,-96.0421,1318.93
252,248,-93.7855,1837.52
252,249,-78.3917,413.483
252,250,-98.6544,2021.19
252,251,-101.242,1718.08
252,0,-62.2586,177.386
252,1,-95.3577,1409.33
252,2,-85.2296,522.123
252,3,-87.8847,629.109
252,4,-98.4966,1559.37
252,5,-93.9697,1036
252,6,-100.628,1620.19
252,7,-88.9372,1089.82
252,8,-96.688,1380.1
252,9,-95.3917,1183.21
252,10,-104.425,1387.88
252,11,-94.6567,1324.46
252,12,-93.3262,1414.68
252,13,-100.997,1554.78
252,14,-97.5053,1429.33
252,15,-101.861,1789.73
252,16,-102.254,1558.6
252,17,-103.608,1869.65
252,18,-87.0316,528.566
252,19,-82.7772,473.704
252,20,-98.6029,1174.22
252,21,-97.9628,1118.74
252,22,-92.811,984.824
252,23,-99.5281,970.78
252,24,-87.3366,980.668
252,25,-96.2232,1413.76
252,26,-98.018,1182.21
252,27,-94.9756,1442.3
252,28,-94.9065,1274.06
252,29,-97.8074,1353.01
252,30,-89.4017,731.262
252,31,-91.9363,1176.45
252,32,-94.2961,907.617
252,33,-93.8988,985.375
252,34,-101.078,1251.84
252,35,-98.1921,1161.42
252,36,-91.9141,1035.21
252,37,-99.1568,1117.24
252,38,-97.207,1461.19
252,39,-97.1925,1121.7
252,40,-84.9541,480.843
252,41,-97.8329,1514.55
252,42,-100.907,1236.98
252,43,-102.565,1191.48
252,44,-93.7064,1452.93
252,45,-101.928,1955.72
252,46,-96.9774,1489.24
252,47,-88.0545,1067.99
252,48,-88.0467,1067.4
252,49,-88.0389,1066.82
252,50,-88.0311,1066.24
252,51,-93.3423,998.175
252,52,-92.6023,1125.47
252,53,-92.5942,1124.83
252,54,-87.2033,659.967
252,55,-85.7903,597.671
252,56,-85.7749,597.024
252,57,-76.8879,412.628
252,58,-79.0388,491.476
252,59,-79.0184,490.773
252,60,-80.3632,539.342
252,61,-80.3447,538.64
252,62,-86.4311,616.626
252,63,-86.4229,616.269
252,64,-86.1056,602.698
252,65,-86.0966,602.317
252,66,-85.7239,586.77
252,67,-85.7145,586.383
252,68,-84.5765,537.454
252,69,-84.5592,536.802
252,70,-82.8413,564.784
252,71,-82.8243,564.113
252,72,-55.6831,56.565
252,73,-55.7925,57.0009
252,74,-63.0797,187.907
252,75,-75.0835,237.514
252,76,-86.4511,751.388
252,77,-88.7349,751.06
252,78,-88.1512,861.667
252,79,-89.5379,738.282
252,80,-89.5296,737.852
252,81,-89.5213,737.421
252,82,-89.124,686.269
252,83,-89.1104,685.615
252,84,-92.8891,1104.26
252,85,-92.8801,1103.57
252,86,-92.8711,1102.87
252,87,-92.8621,1102.17
252,88,-101.185,1350.68
252,89,-101.177,1349.99
252,90,-90.0069,879.227
252,91,-89.9956,878.529
252,92,-83.3466,850.342
252,93,-83.3348,849.636
252,94,-88.2587,609.027
252,95,-88.2449,608.44
252,96,-85.991,617.964
252,97,-85.9789,617.441
252,98,-94.8236,1102.79
252,99,-94.8188,1102.41
252,100,-94.8139,1102.04
252,101,-94.8091,1101.67
252,102,-98.2959,1165.72
252,103,-98.2911,1165.33
252,104,-98.0793,1540.97
252,105,-98.074,1540.4
252,106,-98.0687,1539.83
252,107,-98.0635,1539.26
252,108,-98.0582,1538.69
252,109,-97.7745,1508.35
252,110,-97.769,1507.78
252,111,-99.0178,1447.72
252,112,-99.0123,1447.16
252,113,-101.085,1515.64
252,114,-101.08,1515.11
252,115,-101.075,1514.59
252,116,-101.07,1514.06
252,117,-96.0239,1347.12
252,118,-96.0191,1346.66
252,119,-96.0142,1346.2
252,120,-96.0093,1345.74
252,121,-93.8551,1258.02
252,122,-93.8499,1257.56
252,123,-91.2775,1123.29
252,124,-91.2717,1122.83
252,125,-91.2658,1122.37
252,126,-91.2599,1121.91
252,127,-88.9011,995.103
252,128,-88.894,994.609
252,129,-88.8869,994.115
252,130,-93.4451,916.762
252,131,-93.4366,916.215
252,132,-93.4281,915.669
252,133,-92.3858,886.116
252,134,-92.3767,885.549
252,135,-89.5491,879.033
252,136,-89.539,878.412
252,137,-89.529,877.792
252,138,-89.5189,877.171
252,139,-89.4781,734.015
252,140,-85.1256,883.623
252,141,-85.1146,882.942
252,142,-85.936,935.333
252,143,-85.9261,934.682
252,144,-89.9501,904.121
252,145,-89.9402,903.49
252,146,-89.9302,902.858
252,147,-89.9769,1045.63
252,148,-89.9677,1044.96
252,149,-89.9586,1044.29
252,150,-89.9494,1043.62
252,151,-90.7731,1105.72
252,152,-90.7643,1105.04
252,153,-90.7556,1104.36
252,154,-98.4421,1161.05
252,155,-98.4338,1160.37
252,156,-97.6227,1355.14
252,157,-97.6156,1354.47
252,158,-98.4623,1437.38
252,159,-98.4557,1436.72
252,160,-98.2752,1418.64
252,161,-98.2686,1417.98
252,162,-98.1708,1387.96
252,163,-98.1642,1387.32
252,164,-101.295,1371.41
252,165,-101.288,1370.78
252,166,-101.282,1370.16
252,167,-101.275,1369.53
252,168,-90.1904,1047.1
252,169,-90.1808,1046.39
252,170,-88.8557,1083.6
252,171,-88.8466,1082.91
252,172,-98.4212,1216.14
252,173,-98.4132,1215.45
252,174,-99.3443,1142.44
252,175,-99.3355,1141.73
252,176,-97.4983,1331.67
252,177,-97.4909,1330.98
252,178,-97.3063,1471.41
252,179,-97.2995,1470.71
252,180,-93.6376,1445.94
252,181,-93.6307,1445.23
252,182,-95.2914,1310.08
252,183,-95.2837,1309.38
252,184,-102.748,1206.87
252,185,-102.739,1206.17
252,186,-101.216,1264.07
252,187,-101.208,1263.37
252,188,-98.9898,1714.22
252,189,-98.984,1713.53
252,190,-98.1667,1808.52
252,191,-98.1619,1807.91
252,192,-98.1571,1807.31
252,193,-101.263,1694.06
252,194,-101.258,1693.45
252,195,-103.92,1734.99
252,196,-103.914,1734.35
252,197,-103.909,1733.71
252,198,-95.9463,1747.39
252,199,-95.9408,1746.71
252,200,-95.9353,1746.04
252,201,-94.9624,1647.46
252,202,-94.9567,1646.8
252,203,-97.0205,1601.95
252,204,-97.0147,1601.29
252,205,-97.0088,1600.64
252,206,-97.2301,1515.88
252,207,-97.2241,1515.24
252,208,-97.218,1514.6
252,209,-96.6787,1458.36
252,210,-96.6724,1457.71
252,211,-96.6661,1457.06
252,212,-98.7731,1669.21
252,213,-98.7672,1668.51
252,214,-97.72,1451.02
252,215,-97.714,1450.42
252,216,-97.7081,1449.82
252,217,-96.208,1598
252,218,-99.4043,1324.6
252,219,-98.5485,1565.06
252,220,-98.5428,1564.44
252,221,-74.6401,349.163
252,222,-84.856,753.747
252,223,-102.165,1823.4
252,224,-79.569,330.197
252,225,-96.0426,1677.95
252,226,-97.4466,1719.25
252,227,-93.6116,1298.3
252,228,-84.8851,761.57
252,229,-103.943,1737.82
252,230,-85.5144,778.424
252,231,-102.634,2075.09
252,232,-98.0539,1150.22
252,233,-91.6527,1018.5
252,234,-104.655,1537.11
252,235,-95.5889,2153.66
252,236,-100.208,2070.75
252,237,-102.306,1593.39
252,238,-98.6666,1863.03
252,239,-98.1044,1154.3
252,240,-96.4569,1289.07
252,241,-105.817,1731.02
252,242,-102.462,1855.18
252,243,-81.1098,419.694
252,244,-81.9615,435.031
252,245,-95.6568,1337.97
252,246,-80.6012,591.118
252,247,-76.4063,298.9
252,248,-85.3608,645.104
252,249,-88.2342,673.74
252,250,-95.6854,1636.41
252,251,-95.7283,1456.86
252,0,-59.7472,177.386
252,1,-103.744,1409.33
252,2,-80.5633,522.123
252,3,-86.1926,629.109
252,4,-96.8956,1559.37
252,5,-94.3353,1036
252,6,-91.9793,1620.19
252,7,-103.012,1089.82
252,8,-97.9575,1380.1
252,9,-104.161,1183.21
252,10,-97.9523,1387.88
252,11,-96.0646,1324.46
252,12,-101.892,1414.68
252,13,-96.9783,1554.78
252,14,-97.1501,1429.33
252,15,-107.633,1789.73
252,16,-105.982,1558.6
252,17,-102.919,1869.65
252,18,-84.7115,528.566
252,19,-83.4906,473.704
252,20,-94.3788,1174.22
252,21,-88.8504,1118.74
252,22,-91.3057,984.824
252,23,-94.9637,970.78
252,24,-94.7166,980.668
252,25,-94.3878,1413.76
252,26,-91.6973,1182.21
252,27,-92.9086,1442.3
252,28,-97.4478,1274.06
252,29,-95.0796,1353.01
252,30,-85.5351,731.262
252,31,-93.9525,1176.45
252,32,-89.1489,907.617
252,33,-93.6655,985.375
252,34,-96.4507,1251.84
252,35,-98.0854,1161.42
252,36,-92.916,1035.21
252,37,-97.6924,1117.24
252,38,-98.7051,1461.19
252,39,-90.9935,1121.7
252,40,-89.9171,480.843
252,41,-99.1614,1514.55
252,42,-96.2805,1236.98
252,43,-100.476,1191.48
252,44,-102.272,1452.93
252,45,-104.082,1955.72
252,46,-90.948,1489.24
252,47,-93.0232,1067.99
252,48,-93.0154,1067.4
252,49,-93.0076,1066.82
252,50,-92.9998,1066.24
252,51,-100.745,998.175
252,52,-90.8854,1125.47
252,53,-90.8773,1124.83
252,54,-89.786,659.967
252,55,-88.3731,597.671
252,56,-88.3576,597.024
252,57,-77.7427,412.628
252,58,-81.0704,491.476
252,59,-81.05,490.773
252,60,-82.3948,539.342
252,61,-82.3762,538.64
252,62,-82.8095,616.626
252,63,-82.8012,616.269
252,64,-82.4839,602.698
252,65,-82.4749,602.317
252,66,-82.1023,586.77
252,67,-82.0928,586.383
252,68,-85.2898,537.454
252,69,-85.2725,536.802
252,70,-83.1413,564.784
252,71,-83.1243,564.113
252,72,-50.1807,56.565
252,73,-50.2901,57.0009
252,74,-60.5683,187.907
252,75,-66.5148,237.514
252,76,-88.5417,751.388
252,77,-87.1758,751.06
252,78,-87.8019,861.667
252,79,-85.6712,738.282
252,80,-85.6629,737.852
252,81,-85.6546,737.421
252,82,-87.4319,686.269
252,83,-87.4183,685.615
252,84,-90.0511,1104.26
252,85,-90.0421,1103.57
252,86,-90.0331,1102.87
252,87,-90.0241,1102.17
252,88,-99.9262,1350.68
252,89,-99.9189,1349.99
252,90,-90.9248,879.227
252,91,-90.9135,878.529
252,92,-93.2546,850.342
252,93,-93.2428,849.636
252,94,-84.4643,609.027
252,95,-84.4506,608.44
252,96,-86.5204,617.964
252,97,-86.5083,617.441
252,98,-96.1173,1102.79
252,99,-96.1125,1102.41
252,100,-96.1077,1102.04
252,101,-96.1028,1101.67
252,102,-96.0354,1165.72
252,103,-96.0306,1165.33
252,104,-99.4078,1540.97
252,105,-99.4025,1540.4
252,106,-99.3972,1539.83
252,107,-99.392,1539.26
252,108,-99.3867,1538.69
252,109,-99.1029,1508.35
252,110,-99.0975,1507.78
252,111,-99.1313,1447.72
252,112,-99.1258,1447.16
252,113,-97.8693,1515.64
252,114,-97.8644,1515.11
252,115,-97.8594,1514.59
252,116,-97.8545,1514.06
252,117,-92.7063,1347.12
252,118,-92.7015,1346.66
252,119,-92.6966,1346.2
252,120,-92.6917,1345.74
252,121,-97.7027,1258.02
252,122,-97.6975,1257.56
252,123,-93.2937,1123.29
252,124,-93.2878,1122.83
252,125,-93.2819,1122.37
252,126,-93.2761,1121.91
252,127,-85.9125,995.103
252,128,-85.9054,994.609
252,129,-85.8983,994.115
252,130,-90.4304,916.762
252,131,-90.4219,916.215
252,132,-90.4134,915.669
252,133,-92.1525,886.116
252,134,-92.1433,885.549
252,135,-89.048,879.033
252,136,-89.0379,878.412
252,137,-89.0278,877.792
252,138,-89.0178,877.171
252,139,-86.3173,734.015
252,140,-94.4241,883.623
252,141,-94.4131,882.942
252,142,-95.2345,935.333
252,143,-95.2246,934.682
252,144,-89.449,904.121
252,145,-89.439,903.49
252,146,-89.4291,902.858
252,147,-88.3286,1045.63
252,148,-88.3195,1044.96
252,149,-88.3103,1044.29
252,150,-88.3012,1043.62
252,151,-89.1248,1105.72
252,152,-89.1161,1105.04
252,153,-89.1073,1104.36
252,154,-94.218,1161.05
252,155,-94.2097,1160.37
252,156,-97.6075,1355.14
252,157,-97.6004,1354.47
252,158,-98.4471,1437.38
252,159,-98.4405,1436.72
252,160,-98.2601,1418.64
252,161,-98.2535,1417.98
252,162,-95.443,1387.96
252,163,-95.4364,1387.32
252,164,-100.063,1371.41
252,165,-100.056,1370.78
252,166,-100.05,1370.16
252,167,-100.043,1369.53
252,168,-88.5268,1047.1
252,169,-88.5172,1046.39
252,170,-102.931,1083.6
252,171,-102.922,1082.91
252,172,-92.1004,1216.14
252,173,-92.0924,1215.45
252,174,-91.1413,1142.44
252,175,-91.1325,1141.73
252,176,-98.4938,1331.67
252,177,-98.4864,1330.98
252,178,-98.8045,1471.41
252,179,-98.7977,1470.71
252,180,-102.203,1445.94
252,181,-102.196,1445.23
252,182,-97.7952,1310.08
252,183,-97.7875,1309.38
252,184,-100.659,1206.87
252,185,-100.651,1206.17
252,186,-96.5892,1264.07
252,187,-96.5813,1263.37
252,188,-94.3023,1714.22
252,189,-94.2965,1713.53
252,190,-104.558,1808.52
252,191,-104.553,1807.91
252,192,-104.549,1807.31
252,193,-92.6146,1694.06
252,194,-92.6095,1693.45
252,195,-100.545,1734.99
252,196,-100.54,1734.35
252,197,-100.534,1733.71
252,198,-98.3145,1747.39
252,199,-98.309,1746.71
252,200,-98.3035,1746.04
252,201,-96.1184,1647.46
252,202,-96.1127,1646.8
252,203,-98.5733,1601.95
252,204,-98.5675,1601.29
252,205,-98.5617,1600.64
252,206,-91.2007,1515.88
252,207,-91.1947,1515.24
252,208,-91.1887,1514.6
252,209,-90.6494,1458.36
252,210,-90.643,1457.71
252,211,-90.6367,1457.06
252,212,-103.32,1669.21
252,213,-103.314,1668.51
252,214,-97.3648,1451.02
252,215,-97.3589,1450.42
252,216,-97.353,1449.82
252,217,-98.5313,1598
252,218,-96.113,1324.6
252,219,-96.9475,1565.06
252,220,-96.9418,1564.44
252,221,-80.2031,349.163
252,222,-98.1521,1405.57
252,223,-79.4609,559.915
252,224,-88.34,711.125
252,225,-112.421,2601.35
252,226,-104.397,2039.4
252,227,-99.9457,1031.43
252,228,-109.286,2615.61
252,229,-85.646,820.192
252,230,-86.1654,1012.93
252,231,-96.075,1321.07
252,232,-94.5051,1425.44
252,233,-98.0196,1837.04
252,234,-96.0362,1715.97
252,235,-87.6351,764.391
252,236,-105.638,1972.25
252,237,-97.5221,1676.56
252,238,-106.722,1932.26
252,239,-106.369,2288
252,240,-100.516,1579.33
252,241,-102.733,1501.54
252,242,-99.6656,1333.72
252,243,-90.7262,765.304
252,244,-101.871,2032.23
252,245,-87.1064,747.997
252,246,-94.2741,1354.6
252,247,-97.6122,1818.93
252,248,-96.3699,1208.79
252,249,-95.6326,1065.91
252,250,-96.0742,1042.81
252,251,-107.5,1945.24
252,0,-65.3367,177.386
252,1,-96.6964,1409.33
252,2,-86.0551,522.123
252,3,-84.4984,629.109
252,4,-91.1036,1559.37
252,5,-95.0069,1036
252,6,-95.5486,1620.19
252,7,-101.084,1089.82
252,8,-94.9844,1380.1
252,9,-96.6041,1183.21
252,10,-101.704,1387.88
252,11,-98.2429,1324.46
252,12,-96.505,1414.68
252,13,-103.201,1554.78
252,14,-97.511,1429.33
252,15,-101.229,1789.73
252,16,-95.8629,1558.6
252,17,-102.507,1869.65
252,18,-82.8615,528.566
252,19,-74.7814,473.704
252,20,-99.8495,1174.22
252,21,-89.0243,1118.74
252,22,-93.0322,984.824
252,23,-90.8783,970.78
252,24,-97.3688,980.668
252,25,-100.101,1413.76
252,26,-89.7241,1182.21
252,27,-94.4247,1442.3
252,28,-90.7868,1274.06
252,29,-98.9057,1353.01
252,30,-87.9439,731.262
252,31,-99.3632,1176.45
252,32,-94.1758,907.617
252,33,-97.6989,985.375
252,34,-95.6896,1251.84
252,35,-90.7649,1161.42
252,36,-94.3094,1035.21
252,37,-91.4139,1117.24
252,38,-94.2538,1461.19
252,39,-94.7974,1121.7
252,40,-72.4852,480.843
252,41,-97.9472,1514.55
252,42,-95.5195,1236.98
252,43,-90.9861,1191.48
252,44,-96.8852,1452.93
252,45,-107.025,1955.72
252,46,-98.0541,1489.24
252,47,-93.7777,1067.99
252,48,-93.7699,1067.4
252,49,-93.7621,1066.82
252,50,-93.7543,1066.24
252,51,-96.0804,998.175
252,52,-91.8856,1125.47
252,53,-91.8775,1124.83
252,54,-85.0054,659.967
252,55,-83.5925,597.671
252,56,-83.577,597.024
252,57,-79.9855,412.628
252,58,-78.2615,491.476
252,59,-78.2411,490.773
252,60,-79.5859,539.342
252,61,-79.5674,538.64
252,62,-82.7138,616.626
252,63,-82.7056,616.269
252,64,-82.3883,602.698
252,65,-82.3792,602.317
252,66,-82.0066,586.77
252,67,-81.9972,586.383
252,68,-76.5807,537.454
252,69,-76.5634,536.802
252,70,-78.7523,564.784
252,71,-78.7353,564.113
252,72,-55.8803,56.565
252,73,-55.9897,57.0009
252,74,-66.1578,187.907
252,75,-72.0702,237.514
252,76,-93.1285,751.388
252,77,-93.3558,751.06
252,78,-88.8491,861.667
252,79,-88.0801,738.282
252,80,-88.0718,737.852
252,81,-88.0635,737.421
252,82,-85.7376,686.269
252,83,-85.7241,685.615
252,84,-90.8038,1104.26
252,85,-90.7948,1103.57
252,86,-90.7858,1102.87
252,87,-90.7768,1102.17
252,88,-99.4704,1350.68
252,89,-99.4631,1349.99
252,90,-93.5679,879.227
252,91,-93.5566,878.529
252,92,-86.4309,850.342
252,93,-86.4191,849.636
252,94,-84.7994,609.027
252,95,-84.7857,608.44
252,96,-89.1387,617.964
252,97,-89.1266,617.441
252,98,-96.1719,1102.79
252,99,-96.167,1102.41
252,100,-96.1622,1102.04
252,101,-96.1574,1101.67
252,102,-100.997,1165.72
252,103,-100.992,1165.33
252,104,-98.1936,1540.97
252,105,-98.1883,1540.4
252,106,-98.183,1539.83
252,107,-98.1778,1539.26
252,108,-98.1725,1538.69
252,109,-97.8887,1508.35
252,110,-97.8833,1507.78
252,111,-95.4032,1447.72
252,112,-95.3977,1447.16
252,113,-96.2547,1515.64
252,114,-96.2497,1515.11
252,115,-96.2448,1514.59
252,116,-96.2398,1514.06
252,117,-97.3871,1347.12
252,118,-97.3822,1346.66
252,119,-97.3774,1346.2
252,120,-97.3725,1345.74
252,121,-96.794,1258.02
252,122,-96.7889,1257.56
252,123,-98.7044,1123.29
252,124,-98.6985,1122.83
252,125,-98.6926,1122.37
252,126,-98.6868,1121.91
252,127,-92.0386,995.103
252,128,-92.0315,994.609
252,129,-92.0245,994.115
252,130,-99.6009,916.762
252,131,-99.5924,916.215
252,132,-99.5839,915.669
252,133,-96.1859,886.116
252,134,-96.1768,885.549
252,135,-89.2457,879.033
252,136,-89.2357,878.412
252,137,-89.2256,877.792
252,138,-89.2155,877.171
252,139,-91.4118,734.015
252,140,-97.1897,883.623
252,141,-97.1787,882.942
252,142,-98.0001,935.333
252,143,-97.9902,934.682
252,144,-89.6468,904.121
252,145,-89.6368,903.49
252,146,-89.6268,902.858
252,147,-89.3358,1045.63
252,148,-89.3267,1044.96
252,149,-89.3175,1044.29
252,150,-89.3083,1043.62
252,151,-90.132,1105.72
252,152,-90.1233,1105.04
252,153,-90.1145,1104.36
252,154,-99.6887,1161.05
252,155,-99.6803,1160.37
252,156,-100.505,1355.14
252,157,-100.497,1354.47
252,158,-101.344,1437.38
252,159,-101.338,1436.72
252,160,-101.157,1418.64
252,161,-101.15,1417.98
252,162,-99.2691,1387.96
252,163,-99.2625,1387.32
252,164,-90.0464,1371.41
252,165,-90.0399,1370.78
252,166,-90.0334,1370.16
252,167,-90.0269,1369.53
252,168,-91.0937,1047.1
252,169,-91.084,1046.39
252,170,-101.003,1083.6
252,171,-100.994,1082.91
252,172,-90.1273,1216.14
252,173,-90.1193,1215.45
252,174,-94.8148,1142.44
252,175,-94.806,1141.73
252,176,-99.6562,1331.67
252,177,-99.6487,1330.98
252,178,-94.3531,1471.41
252,179,-94.3463,1470.71
252,180,-96.8164,1445.94
252,181,-96.8095,1445.23
252,182,-95.1316,1310.08
252,183,-95.124,1309.38
252,184,-91.169,1206.87
252,185,-91.1607,1206.17
252,186,-95.8282,1264.07
252,187,-95.8203,1263.37
252,188,-103.753,1714.22
252,189,-103.747,1713.53
252,190,-95.5074,1808.52
252,191,-95.5026,1807.91
252,192,-95.4978,1807.31
252,193,-96.1839,1694.06
252,194,-96.1787,1693.45
252,195,-101.919,1734.99
252,196,-101.914,1734.35
252,197,-101.908,1733.71
252,198,-97.1574,1747.39
252,199,-97.152,1746.71
252,200,-97.1465,1746.04
252,201,-93.6691,1647.46
252,202,-93.6634,1646.8
252,203,-94.0483,1601.95
252,204,-94.0425,1601.29
252,205,-94.0367,1600.64
252,206,-98.3068,1515.88
252,207,-98.3008,1515.24
252,208,-98.2948,1514.6
252,209,-97.7555,1458.36
252,210,-97.7492,1457.71
252,211,-97.7428,1457.06
252,212,-96.0806,1669.21
252,213,-96.0747,1668.51
252,214,-97.7257,1451.02
252,215,-97.7198,1450.42
252,216,-97.7138,1449.82
252,217,-99.225,1598
252,218,-95.1129,1324.6
252,219,-91.1555,1565.06
252,220,-91.1498,1564.44
252,221,-78.0944,349.163
252,222,-91.4689,1232.54
252,223,-94.7102,770.086
252,224,-101.42,1445.09
252,225,-86.1682,834.811
252,226,-91.6556,1244.88
252,227,-98.5006,1522.15
252,228,-86.8374,594.138
252,229,-80.2268,367.175
252,230,-83.9904,426.113
252,231,-87.2384,819.835
252,232,-95.2809,1378.78
252,233,-96.1574,1690.91
252,234,-85.5635,833.411
252,235,-96.9989,1421.8
252,236,-96.8659,1654.59
252,237,-91.3481,894.124
252,238,-100.065,1586.75
252,239,-106.695,2104.56
252,240,-73.8786,414.983
252,241,-96.0629,1171.1
252,242,-88.5935,1213.99
252,243,-100.418,1658.06
252,244,-94.3485,1806.12
252,245,-96.4008,1366.35
252,246,-89.5947,838.428
252,247,-84.4831,636.214
252,248,-101.698,1635.46
252,249,-97.4967,1699.04
252,250,-99.1846,1979.74
252,251,-96.8683,1130.22
252,0,-66.6201,177.386
252,1,-98.9104,1409.33
252,2,-84.0988,522.123
252,3,-80.1588,629.109
252,4,-97.4941,1559.37
252,5,-94.7418,1036
252,6,-102.024,1620.19
252,7,-92.8517,1089.82
252,8,-98.7118,1380.1
252,9,-90.0455,1183.21
252,10,-104.998,1387.88
252,11,-95.316,1324.46
252,12,-101.24,1414.68
252,13,-103.808,1554.78
252,14,-99.2169,1429.33
252,15,-103.39,1789.73
252,16,-95.703,1558.6
252,17,-103.19,1869.65
252,18,-81.7636,528.566
252,19,-79.419,473.704
252,20,-93.2633,1174.22
252,21,-90.3991,1118.74
252,22,-94.0178,984.824
252,23,-88.5039,970.78
252,24,-87.7627,980.668
252,25,-96.5852,1413.76
252,26,-101.343,1182.21
252,27,-92.5852,1442.3
252,28,-90.6554,1274.06
252,29,-96.9749,1353.01
252,30,-93.441,731.262
252,31,-95.4695,1176.45
252,32,-88.7355,907.617
252,33,-90.7407,985.375
252,34,-97.5789,1251.84
252,35,-91.0219,1161.42
252,36,-94.0036,1035.21
252,37,-93.1433,1117.24
252,38,-100.208,1461.19
252,39,-95.2455,1121.7
252,40,-74.6765,480.843
252,41,-99.0055,1514.55
252,42,-97.4087,1236.98
252,43,-88.6225,1191.48
252,44,-101.62,1452.93
252,45,-98.0895,1955.72
252,46,-100.087,1489.24
252,47,-97.8368,1067.99
252,48,-97.829,1067.4
252,49,-97.8212,1066.82
252,50,-97.8134,1066.24
252,51,-91.0778,998.175
252,52,-99.2761,1125.47
252,53,-99.2681,1124.83
252,54,-88.7203,659.967
252,55,-87.3074,597.671
252,56,-87.292,597.024
252,57,-80.4729,412.628
252,58,-83.856,491.476
252,59,-83.8356,490.773
252,60,-85.1804,539.342
252,61,-85.1618,538.64
252,62,-85.4199,616.626
252,63,-85.4117,616.269
252,64,-85.0944,602.698
252,65,-85.0853,602.317
252,66,-84.7127,586.77
252,67,-84.7033,586.383
252,68,-81.2183,537.454
252,69,-81.201,536.802
252,70,-84.0507,564.784
252,71,-84.0337,564.113
252,72,-53.2357,56.565
252,73,-53.3451,57.0009
252,74,-67.4412,187.907
252,75,-70.695,237.514
252,76,-83.7297,751.388
252,77,-83.2289,751.06
252,78,-90.248,861.667
252,79,-93.5772,738.282
252,80,-93.5688,737.852
252,81,-93.5605,737.421
252,82,-81.3981,686.269
252,83,-81.3845,685.615
252,84,-94.5629,1104.26
252,85,-94.5539,1103.57
252,86,-94.5449,1102.87
252,87,-94.5359,1102.17
252,88,-97.3349,1350.68
252,89,-97.3276,1349.99
252,90,-98.8581,879.227
252,91,-98.8468,878.529
252,92,-91.4038,850.342
252,93,-91.392,849.636
252,94,-85.7464,609.027
252,95,-85.7327,608.44
252,96,-84.8834,617.964
252,97,-84.8713,617.441
252,98,-89.719,1102.79
252,99,-89.7142,1102.41
252,100,-89.7093,1102.04
252,101,-89.7045,1101.67
252,102,-94.9456,1165.72
252,103,-94.9408,1165.33
252,104,-99.2519,1540.97
252,105,-99.2466,1540.4
252,106,-99.2414,1539.83
252,107,-99.2361,1539.26
252,108,-99.2308,1538.69
252,109,-98.9471,1508.35
252,110,-98.9416,1507.78
252,111,-99.0501,1447.72
252,112,-99.0446,1447.16
252,113,-95.2785,1515.64
252,114,-95.2735,1515.11
252,115,-95.2686,1514.59
252,116,-95.2636,1514.06
252,117,-99.0395,1347.12
252,118,-99.0346,1346.66
252,119,-99.0297,1346.2
252,120,-99.0249,1345.74
252,121,-93.9126,1258.02
252,122,-93.9074,1257.56
252,123,-94.8107,1123.29
252,124,-94.8048,1122.83
252,125,-94.799,1122.37
252,126,-94.7931,1121.91
252,127,-89.3887,995.103
252,128,-89.3816,994.609
252,129,-89.3745,994.115
252,130,-93.2041,916.762
252,131,-93.1956,916.215
252,132,-93.187,915.669
252,133,-89.2277,886.116
252,134,-89.2186,885.549
252,135,-91.4325,879.033
252,136,-91.4225,878.412
252,137,-91.4124,877.792
252,138,-91.4023,877.171
252,139,-86.8025,734.015
252,140,-92.1078,883.623
252,141,-92.0968,882.942
252,142,-92.9182,935.333
252,143,-92.9083,934.682
252,144,-91.8335,904.121
252,145,-91.8236,903.49
252,146,-91.8136,902.858
252,147,-92.3797,1045.63
252,148,-92.3706,1044.96
252,149,-92.3614,1044.29
252,150,-92.3523,1043.62
252,151,-93.1759,1105.72
252,152,-93.1672,1105.04
252,153,-93.1584,1104.36
252,154,-93.1025,1161.05
252,155,-93.0941,1160.37
252,156,-99.1379,1355.14
252,157,-99.1308,1354.47
252,158,-99.9775,1437.38
252,159,-99.9709,1436.72
252,160,-99.7904,1418.64
252,161,-99.7838,1417.98
252,162,-97.3383,1387.96
252,163,-97.3317,1387.32
252,164,-93.7561,1371.41
252,165,-93.7496,1370.78
252,166,-93.7431,1370.16
252,167,-93.7366,1369.53
252,168,-96.1079,1047.1
252,169,-96.0983,1046.39
252,170,-92.7701,1083.6
252,171,-92.761,1082.91
252,172,-101.746,1216.14
252,173,-101.738,1215.45
252,174,-96.1986,1142.44
252,175,-96.1898,1141.73
252,176,-99.1676,1331.67
252,177,-99.1601,1330.98
252,178,-100.307,1471.41
252,179,-100.3,1470.71
252,180,-101.552,1445.94
252,181,-101.545,1445.23
252,182,-88.8274,1310.08
252,183,-88.8197,1309.38
252,184,-88.8054,1206.87
252,185,-88.7971,1206.17
252,186,-97.7174,1264.07
252,187,-97.7096,1263.37
252,188,-96.8626,1714.22
252,189,-96.8569,1713.53
252,190,-98.2499,1808.52
252,191,-98.2451,1807.91
252,192,-98.2403,1807.31
252,193,-102.659,1694.06
252,194,-102.654,1693.45
252,195,-96.4728,1734.99
252,196,-96.4675,1734.35
252,197,-96.4623,1733.71
252,198,-98.4596,1747.39
252,199,-98.4541,1746.71
252,200,-98.4486,1746.04
252,201,-101.039,1647.46
252,202,-101.034,1646.8
252,203,-97.4997,1601.95
252,204,-97.4939,1601.29
252,205,-97.488,1600.64
252,206,-100.34,1515.88
252,207,-100.334,1515.24
252,208,-100.327,1514.6
252,209,-99.7882,1458.36
252,210,-99.7819,1457.71
252,211,-99.7756,1457.06
252,212,-102.688,1669.21
252,213,-102.682,1668.51
252,214,-99.4315,1451.02
252,215,-99.4256,1450.42
252,216,-99.4197,1449.82
252,217,-96.3909,1598
252,218,-88.814,1324.6
252,219,-97.546,1565.06
252,220,-97.5403,1564.44
252,221,-80.0856,349.163
252,222,-94.0615,1383.17
252,223,-104.563,2100.08
252,224,-101.251,1672.14
252,225,-96.9405,1002.88
252,226,-106.376,1967.74
252,227,-81.1422,534.592
252,228,-92.416,1261.92
252,229,-94.2246,1761.27
252,230,-87.7417,484.496
252,231,-89.5767,794.796
252,232,-101.07,1647.26
252,233,-105.946,1439.24
252,234,-105.742,2107.64
252,235,-87.0859,801.123
252,236,-100.061,2234.46
252,237,-94.0023,1135.17
252,238,-95.9463,1566.46
252,239,-95.0406,843.558
252,240,-102.617,2238.16
252,241,-83.8949,745.921
252,242,-87.5498,791.03
252,243,-92.2996,1039.77
252,244,-101.114,1997.51
252,245,-98.808,1956.3
252,246,-101.089,1884.33
252,247,-94.2252,1153.07
252,248,-96.766,1640.62
252,249,-96.6527,1305.84
252,250,-83.1725,518.961
252,251,-66.7115,178.528
252,0,-63.7328,177.386
252,1,-97.3846,1409.33
252,2,-80.9285,522.123
252,3,-87.2408,629.109
252,4,-97.0866,1559.37
252,5,-96.5202,1036
252,6,-98.831,1620.19
252,7,-92.964,1089.82
252,8,-96.7345,1380.1
252,9,-93.8095,1183.21
252,10,-98.1481,1387.88
252,11,-97.8752,1324.46
252,12,-93.6489,1414.68
252,13,-94.6661,1554.78
252,14,-96.8902,1429.33
252,15,-102.919,1789.73
252,16,-102.525,1558.6
252,17,-108.133,1869.65
252,18,-76.3633,528.566
252,19,-78.7736,473.704
252,20,-97.6527,1174.22
252,21,-94.3624,1118.74
252,22,-92.9052,984.824
252,23,-93.8383,970.78
252,24,-91.4009,980.668
252,25,-98.437,1413.76
252,26,-99.0635,1182.21
252,27,-91.9063,1442.3
252,28,-96.6654,1274.06
252,29,-102.134,1353.01
252,30,-90.6744,731.262
252,31,-86.7455,1176.45
252,32,-89.1907,907.617
252,33,-92.7772,985.375
252,34,-89.9884,1251.84
252,35,-97.5971,1161.42
252,36,-86.7068,1035.21
252,37,-92.7975,1117.24
252,38,-98.0127,1461.19
252,39,-95.6406,1121.7
252,40,-81.0031,480.843
252,41,-100.954,1514.55
252,42,-89.8183,1236.98
252,43,-93.3558,1191.48
252,44,-94.0291,1452.93
252,45,-104.927,1955.72
252,46,-101.349,1489.24
252,47,-93.8845,1067.99
252,48,-93.8767,1067.4
252,49,-93.8689,1066.82
252,50,-93.8611,1066.24
252,51,-102.504,998.175
252,52,-90.4967,1125.47
252,53,-90.4886,1124.83
252,54,-92.0875,659.967
252,55,-90.6746,597.671
252,56,-90.6592,597.024
252,57,-83.838,412.628
252,58,-82.957,491.476
252,59,-82.9366,490.773
252,60,-84.2814,539.342
252,61,-84.2628,538.64
252,62,-87.9912,616.626
252,63,-87.983,616.269
252,64,-87.6657,602.698
252,65,-87.6566,602.317
252,66,-87.284,586.77
252,67,-87.2746,586.383
252,68,-80.5728,537.454
252,69,-80.5555,536.802
252,70,-83.0664,564.784
252,71,-83.0495,564.113
252,72,-52.0263,56.565
252,73,-52.1357,57.0009
252,74,-64.5539,187.907
252,75,-66.4516,237.514
252,76,-84.4381,751.388
252,77,-85.0202,751.06
252,78,-86.2599,861.667
252,79,-90.8106,738.282
252,80,-90.8023,737.852
252,81,-90.794,737.421
252,82,-88.4801,686.269
252,83,-88.4665,685.615
252,84,-96.3364,1104.26
252,85,-96.3274,1103.57
252,86,-96.3184,1102.87
252,87,-96.3094,1102.17
252,88,-93.8235,1350.68
252,89,-93.8162,1349.99
252,90,-87.6653,879.227
252,91,-87.654,878.529
252,92,-92.2255,850.342
252,93,-92.2137,849.636
252,94,-82.2248,609.027
252,95,-82.2111,608.44
252,96,-85.392,617.964
252,97,-85.3799,617.441
252,98,-91.5132,1102.79
252,99,-91.5083,1102.41
252,100,-91.5035,1102.04
252,101,-91.4987,1101.67
252,102,-104.375,1165.72
252,103,-104.371,1165.33
252,104,-101.2,1540.97
252,105,-101.195,1540.4
252,106,-101.19,1539.83
252,107,-101.185,1539.26
252,108,-101.179,1538.69
252,109,-100.896,1508.35
252,110,-100.89,1507.78
252,111,-103.024,1447.72
252,112,-103.019,1447.16
252,113,-100.378,1515.64
252,114,-100.373,1515.11
252,115,-100.369,1514.59
252,116,-100.364,1514.06
252,117,-96.3806,1347.12
252,118,-96.3758,1346.66
252,119,-96.3709,1346.2
252,120,-96.366,1345.74
252,121,-86.8915,1258.02
252,122,-86.8864,1257.56
252,123,-86.0867,1123.29
252,124,-86.0808,1122.83
252,125,-86.075,1122.37
252,126,-86.0691,1121.91
252,127,-99.5642,995.103
252,128,-99.5571,994.609
252,129,-99.55,994.115
252,130,-90.8928,916.762
252,131,-90.8843,916.215
252,132,-90.8758,915.669
252,133,-91.2641,886.116
252,134,-91.255,885.549
252,135,-91.7923,879.033
252,136,-91.7822,878.412
252,137,-91.7722,877.792
252,138,-91.7621,877.171
252,139,-87.5851,734.015
252,140,-83.4603,883.623
252,141,-83.4493,882.942
252,142,-84.2707,935.333
252,143,-84.2608,934.682
252,144,-92.1933,904.121
252,145,-92.1834,903.49
252,146,-92.1734,902.858
252,147,-95.0035,1045.63
252,148,-94.9943,1044.96
252,149,-94.9852,1044.29
252,150,-94.976,1043.62
252,151,-95.7997,1105.72
252,152,-95.7909,1105.04
252,153,-95.7822,1104.36
252,154,-97.4919,1161.05
252,155,-97.4836,1160.37
252,156,-91.8531,1355.14
252,157,-91.846,1354.47
252,158,-92.6927,1437.38
252,159,-92.6861,1436.72
252,160,-92.5056,1418.64
252,161,-92.499,1417.98
252,162,-102.498,1387.96
252,163,-102.491,1387.32
252,164,-96.1315,1371.41
252,165,-96.125,1370.78
252,166,-96.1185,1370.16
252,167,-96.112,1369.53
252,168,-94.9832,1047.1
252,169,-94.9736,1046.39
252,170,-92.8825,1083.6
252,171,-92.8734,1082.91
252,172,-99.4667,1216.14
252,173,-99.4587,1215.45
252,174,-91.6577,1142.44
252,175,-91.6489,1141.73
252,176,-98.7861,1331.67
252,177,-98.7787,1330.98
252,178,-98.112,1471.41
252,179,-98.1052,1470.71
252,180,-93.9604,1445.94
252,181,-93.9534,1445.23
252,182,-98.4742,1310.08
252,183,-98.4665,1309.38
252,184,-93.5387,1206.87
252,185,-93.5304,1206.17
252,186,-90.127,1264.07
252,187,-90.1191,1263.37
252,188,-97.0736,1714.22
252,189,-97.0678,1713.53
252,190,-96.8065,1808.52
252,191,-96.8018,1807.91
252,192,-96.797,1807.31
252,193,-99.4663,1694.06
252,194,-99.4611,1693.45
252,195,-102.049,1734.99
252,196,-102.043,1734.35
252,197,-102.038,1733.71
252,198,-99.2377,1747.39
252,199,-99.2322,1746.71
252,200,-99.2267,1746.04
252,201,-99.7189,1647.46
252,202,-99.7132,1646.8
252,203,-96.9577,1601.95
252,204,-96.9519,1601.29
252,205,-96.9461,1600.64
252,206,-101.602,1515.88
252,207,-101.596,1515.24
252,208,-101.59,1514.6
252,209,-101.05,1458.36
252,210,-101.044,1457.71
252,211,-101.038,1457.06
252,212,-98.4461,1669.21
252,213,-98.4401,1668.51
252,214,-97.1049,1451.02
252,215,-97.099,1450.42
252,216,-97.0931,1449.82
252,217,-109.505,1598
252,218,-94.477,1324.6
252,219,-97.1384,1565.06
252,220,-97.1327,1564.44
252,221,-76.2552,349.163
252,222,-64.5772,188.215
252,223,-93.7143,1554.06
252,224,-103.738,1806
252,225,-99.974,1263.86
252,226,-89.2031,675.008
252,227,-88.2388,674.743
252,228,-70.8648,255.306
252,229,-91.8125,941.212
252,230,-92.5357,948.29
252,231,-97.9832,1697.68
252,232,-96.0078,1214.37
252,233,-78.789,322.148
252,234,-95.5006,992.23
252,235,-101.396,1652.53
252,236,-64.3848,192.038
252,237,-100.183,1479.77
252,238,-78.91,336.022
252,239,-82.6,556.381
252,240,-100.427,1692.54
252,241,-101.35,1926.91
252,242,-106.751,2145.76
252,243,-101.68,1699.65
252,244,-86.8862,1257.55
252,245,-89.6912,663.196
252,246,-74.0097,434.331
252,247,-86.9992,1267.55
252,248,-99.2126,1681.12
252,249,-82.6052,713.994
252,250,-87.3501,650.046
252,251,-107.264,2043.17
252,0,-65.6215,177.386
252,1,-92.435,1409.33
252,2,-85.1715,522.123
252,3,-79.3339,629.109
252,4,-101.411,1559.37
252,5,-90.7523,1036
252,6,-102.343,1620.19
252,7,-94.8465,1089.82
252,8,-94.9092,1380.1
252,9,-87.3328,1183.21
252,10,-95.5472,1387.88
252,11,-103.247,1324.46
252,12,-98.0756,1414.68
252,13,-100.504,1554.78
252,14,-93.5988,1429.33
252,15,-100.473,1789.73
252,16,-91.7201,1558.6
252,17,-106.042,1869.65
252,18,-86.2571,528.566
252,19,-77.2055,473.704
252,20,-96.7184,1174.22
252,21,-97.1109,1118.74
252,22,-92.8988,984.824
252,23,-91.0438,970.78
252,24,-92.6457,980.668
252,25,-97.1622,1413.76
252,26,-94.5138,1182.21
252,27,-100.117,1442.3
252,28,-93.6508,1274.06
252,29,-96.4495,1353.01
252,30,-85.101,731.262
252,31,-96.8947,1176.45
252,32,-89.7681,907.617
252,33,-93.3526,985.375
252,34,-93.1781,1251.84
252,35,-94.7143,1161.42
252,36,-90.1039,1035.21
252,37,-103.22,1117.24
252,38,-96.6965,1461.19
252,39,-91.4911,1121.7
252,40,-87.6726,480.843
252,41,-96.5454,1514.55
252,42,-93.0079,1236.98
252,43,-99.8811,1191.48
252,44,-98.4558,1452.93
252,45,-102.858,1955.72
252,46,-101.323,1489.24
252,47,-97.0357,1067.99
252,48,-97.0279,1067.4
252,49,-97.0201,1066.82
252,50,-97.0123,1066.24
252,51,-89.0712,998.175
252,52,-91.5922,1125.47
252,53,-91.5841,1124.83
252,54,-88.9958,659.967
252,55,-87.5829,597.671
252,56,-87.5674,597.024
252,57,-78.2769,412.628
252,58,-86.1582,491.476
252,59,-86.1378,490.773
252,60,-87.4826,539.342
252,61,-87.464,538.64
252,62,-84.624,616.626
252,63,-84.6157,616.269
252,64,-84.2984,602.698
252,65,-84.2894,602.317
252,66,-83.9167,586.77
252,67,-83.9073,586.383
252,68,-79.0048,537.454
252,69,-78.9875,536.802
252,70,-83.5575,564.784
252,71,-83.5406,564.113
252,72,-53.0617,56.565
252,73,-53.1711,57.0009
252,74,-66.4426,187.907
252,75,-68.1004,237.514
252,76,-90.3575,751.388
252,77,-89.1508,751.06
252,78,-85.7878,861.667
252,79,-85.2371,738.282
252,80,-85.2288,737.852
252,81,-85.2205,737.421
252,82,-80.5732,686.269
252,83,-80.5596,685.615
252,84,-85.5915,1104.26
252,85,-85.5825,1103.57
252,86,-85.5735,1102.87
252,87,-85.5645,1102.17
252,88,-93.1042,1350.68
252,89,-93.0969,1349.99
252,90,-92.1176,879.227
252,91,-92.1063,878.529
252,92,-92.2969,850.342
252,93,-92.285,849.636
252,94,-89.3101,609.027
252,95,-89.2964,608.44
252,96,-85.5362,617.964
252,97,-85.5241,617.441
252,98,-89.452,1102.79
252,99,-89.4472,1102.41
252,100,-89.4424,1102.04
252,101,-89.4375,1101.67
252,102,-94.424,1165.72
252,103,-94.4192,1165.33
252,104,-96.7918,1540.97
252,105,-96.7865,1540.4
252,106,-96.7813,1539.83
252,107,-96.776,1539.26
252,108,-96.7707,1538.69
252,109,-96.487,1508.35
252,110,-96.4816,1507.78
252,111,-95.9179,1447.72
252,112,-95.9123,1447.16
252,113,-94.3411,1515.64
252,114,-94.3361,1515.11
252,115,-94.3312,1514.59
252,116,-94.3262,1514.06
252,117,-97.2369,1347.12
252,118,-97.2321,1346.66
252,119,-97.2272,1346.2
252,120,-97.2223,1345.74
252,121,-98.1895,1258.02
252,122,-98.1843,1257.56
252,123,-96.2359,1123.29
252,124,-96.23,1122.83
252,125,-96.2241,1122.37
252,126,-96.2183,1121.91
252,127,-92.1754,995.103
252,128,-92.1683,994.609
252,129,-92.1612,994.115
252,130,-98.9398,916.762
252,131,-98.9313,916.215
252,132,-98.9227,915.669
252,133,-91.8395,886.116
252,134,-91.8304,885.549
252,135,-89.7939,879.033
252,136,-89.7839,878.412
252,137,-89.7738,877.792
252,138,-89.7637,877.171
252,139,-84.0389,734.015
252,140,-89.6324,883.623
252,141,-89.6214,882.942
252,142,-90.4429,935.333
252,143,-90.4329,934.682
252,144,-90.1949,904.121
252,145,-90.185,903.49
252,146,-90.175,902.858
252,147,-84.8465,1045.63
252,148,-84.8373,1044.96
252,149,-84.8282,1044.29
252,150,-84.819,1043.62
252,151,-85.6426,1105.72
252,152,-85.6339,1105.04
252,153,-85.6252,1104.36
252,154,-96.5575,1161.05
252,155,-96.5492,1160.37
252,156,-96.7182,1355.14
252,157,-96.7112,1354.47
252,158,-97.5579,1437.38
252,159,-97.5513,1436.72
252,160,-97.3708,1418.64
252,161,-97.3642,1417.98
252,162,-96.813,1387.96
252,163,-96.8064,1387.32
252,164,-103.386,1371.41
252,165,-103.38,1370.78
252,166,-103.373,1370.16
252,167,-103.366,1369.53
252,168,-92.9012,1047.1
252,169,-92.8915,1046.39
252,170,-94.765,1083.6
252,171,-94.7559,1082.91
252,172,-94.9169,1216.14
252,173,-94.9089,1215.45
252,174,-94.312,1142.44
252,175,-94.3032,1141.73
252,176,-102.91,1331.67
252,177,-102.903,1330.98
252,178,-96.7958,1471.41
252,179,-96.7891,1470.71
252,180,-98.387,1445.94
252,181,-98.38,1445.23
252,182,-97.4501,1310.08
252,183,-97.4424,1309.38
252,184,-100.064,1206.87
252,185,-100.056,1206.17
252,186,-93.3166,1264.07
252,187,-93.3088,1263.37
252,188,-104.613,1714.22
252,189,-104.607,1713.53
252,190,-99.1173,1808.52
252,191,-99.1125,1807.91
252,192,-99.1078,1807.31
252,193,-102.978,1694.06
252,194,-102.973,1693.45
252,195,-102.34,1734.99
252,196,-102.335,1734.35
252,197,-102.329,1733.71
252,198,-100.983,1747.39
252,199,-100.978,1746.71
252,200,-100.972,1746.04
252,201,-94.8322,1647.46
252,202,-94.8265,1646.8
252,203,-99.0229,1601.95
252,204,-99.0171,1601.29
252,205,-99.0112,1600.64
252,206,-101.576,1515.88
252,207,-101.57,1515.24
252,208,-101.564,1514.6
252,209,-101.024,1458.36
252,210,-101.018,1457.71
252,211,-101.012,1457.06
252,212,-99.2033,1669.21
252,213,-99.1973,1668.51
252,214,-93.8135,1451.02
252,215,-93.8076,1450.42
252,216,-93.8016,1449.82
252,217,-97.0003,1598
252,218,-90.8855,1324.6
252,219,-101.463,1565.06
252,220,-101.457,1564.44
252,221,-75.224,349.163
252,222,-81.5378,673.415
252,223,-103.848,2039.52
252,224,-100.977,1573.66
252,225,-78.7059,453.516
252,226,-109.039,1692.32
252,227,-95.4577,1399.26
252,228,-91.491,854.624
252,229,-86.8714,551.85
252,230,-98.9401,1802.29
252,231,-84.8698,817.363
252,232,-92.0311,939.275
252,233,-106.199,2195.63
252,234,-94.3811,1091.69
252,235,-100.821,2221.65
252,236,-99.6352,1311.16
252,237,-100.328,1635.63
252,238,-87.2697,814.411
252,239,-99.1351,2200.59
252,240,-84.2968,791.076
252,241,-96.3469,1335.15
252,242,-92.9554,890.562
252,243,-82.8417,537.115
252,244,-98.506,1437.42
252,245,-107.33,2134.72
252,246,-96.3492,1294.14
252,247,-72.2054,363.004
252,248,-96.6461,1856.53
252,249,-81.2479,406.419
252,250,-90.694,1247.13
252,251,-74.7104,250.147
252,0,-65.1736,177.386
252,1,-99.2949,1409.33
252,2,-84.3911,522.123
252,3,-89.1843,629.109
252,4,-101.275,1559.37
252,5,-100.636,1036
252,6,-94.8215,1620.19
252,7,-92.4416,1089.82
252,8,-99.222,1380.1
252,9,-96.8517,1183.21
252,10,-97.0533,1387.88
252,11,-94.9666,1324.46
252,12,-92.1859,1414.68
252,13,-93.2805,1554.78
252,14,-92.6947,1429.33
252,15,-103.335,1789.73
252,16,-97.2555,1558.6
252,17,-100.968,1869.65
252,18,-82.1272,528.566
252,19,-79.8524,473.704
252,20,-96.3048,1174.22
252,21,-93.8978,1118.74
252,22,-95.0115,984.824
252,23,-88.9323,970.78
252,24,-94.1863,980.668
252,25,-95.4771,1413.76
252,26,-92.7171,1182.21
252,27,-99.3376,1442.3
252,28,-98.172,1274.06
252,29,-98.8405,1353.01
252,30,-82.7975,731.262
252,31,-101.541,1176.45
252,32,-99.0246,907.617
252,33,-89.9184,985.375
252,34,-96.8959,1251.84
252,35,-97.7261,1161.42
252,36,-87.8032,1035.21
252,37,-102.081,1117.24
252,38,-97.405,1461.19
252,39,-94.5215,1121.7
252,40,-86.8509,480.843
252,41,-95.0237,1514.55
252,42,-96.7257,1236.98
252,43,-94.5778,1191.48
252,44,-92.5661,1452.93
252,45,-101.941,1955.72
252,46,-104.64,1489.24
252,47,-96.5046,1067.99
252,48,-96.4968,1067.4
252,49,-96.489,1066.82
252,50,-96.4812,1066.24
252,51,-92.3711,998.175
252,52,-96.028,1125.47
252,53,-96.02,1124.83
252,54,-84.0361,659.967
252,55,-82.6232,597.671
252,56,-82.6078,597.024
252,57,-80.1955,412.628
252,58,-83.0464,491.476
252,59,-83.026,490.773
252,60,-84.3708,539.342
252,61,-84.3523,538.64
252,62,-84.2644,616.626
252,63,-84.2562,616.269
252,64,-83.9388,602.698
252,65,-83.9298,602.317
252,66,-83.5572,586.77
252,67,-83.5477,586.383
252,68,-81.6516,537.454
252,69,-81.6343,536.802
252,70,-84.9093,564.784
252,71,-84.8923,564.113
252,72,-53.9007,56.565
252,73,-54.0101,57.0009
252,74,-65.9947,187.907
252,75,-75.7427,237.514
252,76,-91.8864,751.388
252,77,-93.6826,751.06
252,78,-93.9132,861.667
252,79,-82.9336,738.282
252,80,-82.9253,737.852
252,81,-82.917,737.421
252,82,-90.4236,686.269
252,83,-90.41,685.615
252,84,-97.4939,1104.26
252,85,-97.4849,1103.57
252,86,-97.4759,1102.87
252,87,-97.4669,1102.17
252,88,-90.8215,1350.68
252,89,-90.8142,1349.99
252,90,-89.4038,879.227
252,91,-89.3925,878.529
252,92,-85.2806,850.342
252,93,-85.2688,849.636
252,94,-83.5871,609.027
252,95,-83.5734,608.44
252,96,-85.5221,617.964
252,97,-85.51,617.441
252,98,-100.069,1102.79
252,99,-100.064,1102.41
252,100,-100.059,1102.04
252,101,-100.054,1101.67
252,102,-92.2563,1165.72
252,103,-92.2515,1165.33
252,104,-95.2701,1540.97
252,105,-95.2648,1540.4
252,106,-95.2595,1539.83
252,107,-95.2543,1539.26
252,108,-95.249,1538.69
252,109,-94.9652,1508.35
252,110,-94.9598,1507.78
252,111,-95.8727,1447.72
252,112,-95.8672,1447.16
252,113,-101.618,1515.64
252,114,-101.613,1515.11
252,115,-101.608,1514.59
252,116,-101.603,1514.06
252,117,-99.0905,1347.12
252,118,-99.0857,1346.66
252,119,-99.0808,1346.2
252,120,-99.0759,1345.74
252,121,-94.0723,1258.02
252,122,-94.0671,1257.56
252,123,-100.882,1123.29
252,124,-100.876,1122.83
252,125,-100.87,1122.37
252,126,-100.864,1121.91
252,127,-92.5884,995.103
252,128,-92.5813,994.609
252,129,-92.5742,994.115
252,130,-91.9617,916.762
252,131,-91.9532,916.215
252,132,-91.9447,915.669
252,133,-88.4054,886.116
252,134,-88.3962,885.549
252,135,-85.4343,879.033
252,136,-85.4243,878.412
252,137,-85.4142,877.792
252,138,-85.4041,877.171
252,139,-91.599,734.015
252,140,-87.1675,883.623
252,141,-87.1565,882.942
252,142,-87.9779,935.333
252,143,-87.968,934.682
252,144,-85.8354,904.121
252,145,-85.8254,903.49
252,146,-85.8154,902.858
252,147,-93.6047,1045.63
252,148,-93.5955,1044.96
252,149,-93.5864,1044.29
252,150,-93.5772,1043.62
252,151,-94.4009,1105.72
252,152,-94.3921,1105.04
252,153,-94.3834,1104.36
252,154,-96.1439,1161.05
252,155,-96.1356,1160.37
252,156,-95.9686,1355.14
252,157,-95.9615,1354.47
252,158,-96.8082,1437.38
252,159,-96.8016,1436.72
252,160,-96.6211,1418.64
252,161,-96.6145,1417.98
252,162,-99.2039,1387.96
252,163,-99.1973,1387.32
252,164,-97.4374,1371.41
252,165,-97.4309,1370.78
252,166,-97.4244,1370.16
252,167,-97.4179,1369.53
252,168,-92.9304,1047.1
252,169,-92.9208,1046.39
252,170,-92.3601,1083.6
252,171,-92.351,1082.91
252,172,-93.1203,1216.14
252,173,-93.1122,1215.45
252,174,-94.0848,1142.44
252,175,-94.076,1141.73
252,176,-98.0621,1331.67
252,177,-98.0547,1330.98
252,178,-97.5043,1471.41
252,179,-97.4975,1470.71
252,180,-92.4973,1445.94
252,181,-92.4903,1445.23
252,182,-92.8446,1310.08
252,183,-92.8369,1309.38
252,184,-94.7608,1206.87
252,185,-94.7524,1206.17
252,186,-97.0344,1264.07
252,187,-97.0266,1263.37
252,188,-103.64,1714.22
252,189,-103.635,1713.53
252,190,-99.5967,1808.52
252,191,-99.5919,1807.91
252,192,-99.5872,1807.31
252,193,-95.4568,1694.06
252,194,-95.4517,1693.45
252,195,-95.6393,1734.99
252,196,-95.634,1734.35
252,197,-95.6287,1733.71
252,198,-104.273,1747.39
252,199,-104.267,1746.71
252,200,-104.262,1746.04
252,201,-98.5179,1647.46
252,202,-98.5121,1646.8
252,203,-96.2299,1601.95
252,204,-96.2241,1601.29
252,205,-96.2183,1600.64
252,206,-104.893,1515.88
252,207,-104.887,1515.24
252,208,-104.881,1514.6
252,209,-104.342,1458.36
252,210,-104.335,1457.71
252,211,-104.329,1457.06
252,212,-103.042,1669.21
252,213,-103.036,1668.51
252,214,-92.9094,1451.02
252,215,-92.9035,1450.42
252,216,-92.8975,1449.82
252,217,-99.1073,1598
252,218,-90.4791,1324.6
252,219,-101.327,1565.06
252,220,-101.321,1564.44
252,221,-82.1428,349.163
252,222,-104.633,1807.41
252,223,-103.089,2621.66
252,224,-84.0087,502.101
252,225,-94.5526,1410.65
252,226,-92.2325,1735.53
252,227,-92.2512,1737.81
252,228,-102.602,1740.05
252,229,-101.02,2154.75
252,230,-91.0272,706.569
252,231,-92.8246,1119.5
252,232,-102.377,1433.03
252,233,-103.447,1803.8
252,234,-87.7048,890.658
252,235,-92.0924,1180.08
252,236,-97.5611,1525.22
252,237,-92.439,780.155
252,238,-105.45,1677.23
252,239,-96.8874,1163.38
252,240,-95.5933,1626.8
252,241,-95.6945,1288.6
252,242,-87.8227,793.688
252,243,-104.831,1817.23
252,244,-96.8967,1369.85
252,245,-100.392,1767.48
252,246,-89.1849,1204.55
252,247,-98.5089,1255.86
252,248,-94.2847,1276.91
252,249,-78.5688,407.52
252,250,-98.3843,1264.33
252,251,-96.1023,1471.24
