0,1527.41,2180.21,1.5,7,543,1694.97,2141.47,1.5,171.99
1,297.312,1965.81,1.5,12,543,1694.97,2141.47,1.5,1408.66
2,1535.55,1646.18,1.5,7,543,1694.97,2141.47,1.5,520.315
3,1149.49,1831.09,1.5,7,543,1694.97,2141.47,1.5,627.609
4,1186.8,667.866,1.5,9,543,1694.97,2141.47,1.5,1558.77
5,680.841,2348.69,1.5,8,543,1694.97,2141.47,1.5,1035.09
6,1204.95,597.769,1.5,12,543,1694.97,2141.47,1.5,1619.61
7,1143.06,1202.75,1.5,12,543,1694.97,2141.47,1.5,1088.95
8,352.053,1826.28,1.5,7,543,1694.97,2141.47,1.5,1379.41
9,556.256,1822.99,1.5,9,543,1694.97,2141.47,1.5,1182.42
10,308.252,2105.02,1.5,10,543,1694.97,2141.47,1.5,1387.2
11,840.657,1130.31,1.5,10,543,1694.97,2141.47,1.5,1323.74
12,700.225,1136.53,1.5,9,543,1694.97,2141.47,1.5,1414.02
13,1289.37,641.152,1.5,12,543,1694.97,2141.47,1.5,1554.18
14,1330.71,760.022,1.5,9,543,1694.97,2141.47,1.5,1428.67
15,1067.96,465.732,1.5,12,543,1694.97,2141.47,1.5,1789.2
16,138.615,2070.03,1.5,12,543,1694.97,2141.47,1.5,1558
17,1141.11,356.271,1.5,11,543,1694.97,2141.47,1.5,1869.14
18,1403.1,1702.95,1.5,8,543,1694.97,2141.47,1.5,526.779
19,1256.48,1967.59,1.5,7,543,1694.97,2141.47,1.5,471.71
20,700.848,1518.07,1.5,12,543,1694.97,2141.47,1.5,1173.42
21,829.965,1433.34,1.5,8,543,1694.97,2141.47,1.5,1117.9
22,857.054,1625.83,1.5,10,543,1694.97,2141.47,1.5,983.866
23,965.17,1502.79,1.5,7,543,1694.97,2141.47,1.5,969.809
24,770.328,2465.28,1.5,9,543,1694.97,2141.47,1.5,979.707
25,750.766,1090.14,1.5,12,543,1694.97,2141.47,1.5,1413.09
26,1062.64,1143.53,1.5,9,543,1694.97,2141.47,1.5,1181.41
27,1035.71,859.396,1.5,12,543,1694.97,2141.47,1.5,1441.65
28,423.024,2082.37,1.5,12,543,1694.97,2141.47,1.5,1273.32
29,428.705,1666.8,1.5,9,543,1694.97,2141.47,1.5,1352.31
30,965.046,2149.36,1.5,7,543,1694.97,2141.47,1.5,729.972
31,519.368,2150.89,1.5,8,543,1694.97,2141.47,1.5,1175.64
32,811.661,2345.53,1.5,7,543,1694.97,2141.47,1.5,906.578
33,724.497,1976.39,1.5,7,543,1694.97,2141.47,1.5,984.417
34,968.081,1123.22,1.5,8,543,1694.97,2141.47,1.5,1251.08
35,546.812,2311.01,1.5,12,543,1694.97,2141.47,1.5,1160.61
36,666.715,2029.88,1.5,7,543,1694.97,2141.47,1.5,1034.3
37,670.199,1698.57,1.5,8,543,1694.97,2141.47,1.5,1116.39
38,777.679,1004.92,1.5,12,543,1694.97,2141.47,1.5,1460.54
39,956.6,1298.19,1.5,11,543,1694.97,2141.47,1.5,1120.86
40,1218.2,2096.66,1.5,7,543,1694.97,2141.47,1.5,478.879
41,213.981,1827.41,1.5,12,543,1694.97,2141.47,1.5,1513.93
42,955.805,1150.58,1.5,8,543,1694.97,2141.47,1.5,1236.22
43,905,1250.58,1.5,9,543,1694.97,2141.47,1.5,1190.69
44,684.092,1098.76,1.5,9,543,1694.97,2141.47,1.5,1452.29
45,1188.78,252.895,1.5,12,543,1694.97,2141.47,1.5,1955.24
46,1192.24,740.329,1.5,12,543,1694.97,2141.47,1.5,1488.61
47,1494.52,1093.36,1.5,9,543,1694.97,2141.47,1.5,1067.11
48,1495.02,1093.86,1.5,7,543,1694.97,2141.47,1.5,1066.52
49,1495.52,1094.36,1.5,9,543,1694.97,2141.47,1.5,1065.94
50,1496.02,1094.86,1.5,8,543,1694.97,2141.47,1.5,1065.35
51,1444.59,1176.19,1.5,8,543,1694.97,2141.47,1.5,997.23
52,1320.34,1081.07,1.5,7,543,1694.97,2141.47,1.5,1124.63
53,1320.84,1081.57,1.5,7,543,1694.97,2141.47,1.5,1123.99
54,1427.71,1539.61,1.5,7,543,1694.97,2141.47,1.5,658.537
55,1475,1587.45,1.5,7,543,1694.97,2141.47,1.5,596.092
56,1475.5,1587.95,1.5,7,543,1694.97,2141.47,1.5,595.443
57,1512.03,1774.17,1.5,7,543,1694.97,2141.47,1.5,410.338
58,1370.42,1774.97,1.5,7,543,1694.97,2141.47,1.5,489.555
59,1370.92,1775.47,1.5,7,543,1694.97,2141.47,1.5,488.849
60,1282.52,1796.67,1.5,7,543,1694.97,2141.47,1.5,537.592
61,1283.02,1797.17,1.5,7,543,1694.97,2141.47,1.5,536.887
62,1099.84,2296.9,1.5,7,543,1694.97,2141.47,1.5,615.095
63,1100.34,2297.4,1.5,7,543,1694.97,2141.47,1.5,614.738
64,1107.43,2268.54,1.5,7,543,1694.97,2141.47,1.5,601.132
65,1107.93,2269.04,1.5,7,543,1694.97,2141.47,1.5,600.75
66,1121.83,2259.43,1.5,7,543,1694.97,2141.47,1.5,585.162
67,1122.33,2259.93,1.5,7,543,1694.97,2141.47,1.5,584.773
68,1200.81,1934.65,1.5,7,543,1694.97,2141.47,1.5,535.697
69,1201.31,1935.15,1.5,7,543,1694.97,2141.47,1.5,535.043
70,1193.81,1884.71,1.5,7,543,1694.97,2141.47,1.5,563.113
71,1194.31,1885.21,1.5,7,543,1694.97,2141.47,1.5,562.44
72,1711.94,2173.51,1.5,7,543,1694.97,2141.47,1.5,36.2547
73,1712.44,2174.01,1.5,7,543,1694.97,2141.47,1.5,36.9311
74,1530.54,2221.38,1.5,7,543,1694.97,2141.47,1.5,182.822
75,1500.18,2270.25,1.5,7,543,1694.97,2141.47,1.5,233.512
76,978.849,2364.77,1.5,7,543,1694.97,2141.47,1.5,750.133
77,979.349,2365.27,1.5,8,543,1694.97,2141.47,1.5,749.804
78,855.868,2332.48,1.5,7,543,1694.97,2141.47,1.5,860.572
79,964.111,2236.4,1.5,9,543,1694.97,2141.47,1.5,737.004
80,964.611,2236.9,1.5,7,543,1694.97,2141.47,1.5,736.573
81,965.111,2237.4,1.5,10,543,1694.97,2141.47,1.5,736.142
82,1063.94,1875.25,1.5,7,543,1694.97,2141.47,1.5,684.894
83,1064.44,1875.75,1.5,7,543,1694.97,2141.47,1.5,684.239
84,794.766,1503.4,1.5,8,543,1694.97,2141.47,1.5,1103.41
85,795.266,1503.9,1.5,8,543,1694.97,2141.47,1.5,1102.71
86,795.766,1504.4,1.5,8,543,1694.97,2141.47,1.5,1102.01
87,796.266,1504.9,1.5,11,543,1694.97,2141.47,1.5,1101.32
88,569.336,1396.23,1.5,11,543,1694.97,2141.47,1.5,1349.98
89,569.836,1396.73,1.5,12,543,1694.97,2141.47,1.5,1349.29
90,983.624,1626.56,1.5,7,543,1694.97,2141.47,1.5,878.154
91,984.124,1627.06,1.5,7,543,1694.97,2141.47,1.5,877.456
92,1116.24,1519.97,1.5,8,543,1694.97,2141.47,1.5,849.233
93,1116.74,1520.47,1.5,7,543,1694.97,2141.47,1.5,848.526
94,1099.26,2022.51,1.5,7,543,1694.97,2141.47,1.5,607.477
95,1099.76,2023.01,1.5,7,543,1694.97,2141.47,1.5,606.889
96,1079.35,2109.85,1.5,7,543,1694.97,2141.47,1.5,616.437
97,1079.85,2110.35,1.5,7,543,1694.97,2141.47,1.5,615.912
98,621.541,2390.46,1.5,8,543,1694.97,2141.47,1.5,1101.93
99,622.041,2390.96,1.5,8,543,1694.97,2141.47,1.5,1101.56
100,622.541,2391.46,1.5,9,543,1694.97,2141.47,1.5,1101.18
101,623.041,2391.96,1.5,7,543,1694.97,2141.47,1.5,1100.81
102,552.428,2368.66,1.5,10,543,1694.97,2141.47,1.5,1164.92
103,552.928,2369.16,1.5,12,543,1694.97,2141.47,1.5,1164.52
104,172.137,1909.84,1.5,12,543,1694.97,2141.47,1.5,1540.35
105,172.637,1910.34,1.5,12,543,1694.97,2141.47,1.5,1539.78
106,173.137,1910.84,1.5,10,543,1694.97,2141.47,1.5,1539.21
107,173.637,1911.34,1.5,10,543,1694.97,2141.47,1.5,1538.65
108,174.137,1911.84,1.5,11,543,1694.97,2141.47,1.5,1538.08
109,208.803,1887.42,1.5,12,543,1694.97,2141.47,1.5,1507.73
110,209.303,1887.92,1.5,10,543,1694.97,2141.47,1.5,1507.15
111,259.565,1958.14,1.5,8,543,1694.97,2141.47,1.5,1447.07
112,260.065,1958.64,1.5,10,543,1694.97,2141.47,1.5,1446.51
113,182.146,2060.07,1.5,12,543,1694.97,2141.47,1.5,1515.02
114,182.646,2060.57,1.5,9,543,1694.97,2141.47,1.5,1514.49
115,183.146,2061.07,1.5,9,543,1694.97,2141.47,1.5,1513.97
116,183.646,2061.57,1.5,9,543,1694.97,2141.47,1.5,1513.44
117,352.488,2244.35,1.5,9,543,1694.97,2141.47,1.5,1346.42
118,352.988,2244.85,1.5,9,543,1694.97,2141.47,1.5,1345.96
119,353.488,2245.35,1.5,12,543,1694.97,2141.47,1.5,1345.5
120,353.988,2245.85,1.5,12,543,1694.97,2141.47,1.5,1345.04
121,441.754,2242.27,1.5,8,543,1694.97,2141.47,1.5,1257.27
122,442.254,2242.77,1.5,10,543,1694.97,2141.47,1.5,1256.81
123,575.428,2222.22,1.5,9,543,1694.97,2141.47,1.5,1122.46
124,575.928,2222.72,1.5,8,543,1694.97,2141.47,1.5,1121.99
125,576.428,2223.22,1.5,9,543,1694.97,2141.47,1.5,1121.53
126,576.928,2223.72,1.5,9,543,1694.97,2141.47,1.5,1121.07
127,700.873,2151.75,1.5,8,543,1694.97,2141.47,1.5,994.156
128,701.373,2152.25,1.5,7,543,1694.97,2141.47,1.5,993.661
129,701.873,2152.75,1.5,7,543,1694.97,2141.47,1.5,993.166
130,783.832,2049.89,1.5,8,543,1694.97,2141.47,1.5,915.733
131,784.332,2050.39,1.5,10,543,1694.97,2141.47,1.5,915.186
132,784.832,2050.89,1.5,7,543,1694.97,2141.47,1.5,914.639
133,819.598,2010.96,1.5,7,543,1694.97,2141.47,1.5,885.052
134,820.098,2011.46,1.5,12,543,1694.97,2141.47,1.5,884.484
135,853.198,1892.02,1.5,7,543,1694.97,2141.47,1.5,877.96
136,853.698,1892.52,1.5,7,543,1694.97,2141.47,1.5,877.338
137,854.198,1893.02,1.5,12,543,1694.97,2141.47,1.5,876.717
138,854.698,1893.52,1.5,12,543,1694.97,2141.47,1.5,876.096
139,1004.07,1897.45,1.5,7,543,1694.97,2141.47,1.5,732.73
140,927.478,1705.75,1.5,7,543,1694.97,2141.47,1.5,882.556
141,927.978,1706.25,1.5,7,543,1694.97,2141.47,1.5,881.874
142,829.368,1789.78,1.5,8,543,1694.97,2141.47,1.5,934.325
143,829.868,1790.28,1.5,8,543,1694.97,2141.47,1.5,933.673
144,838.303,1855.7,1.5,7,543,1694.97,2141.47,1.5,903.078
145,838.803,1856.2,1.5,11,543,1694.97,2141.47,1.5,902.446
146,839.303,1856.7,1.5,8,543,1694.97,2141.47,1.5,901.813
147,762.127,1671.09,1.5,8,543,1694.97,2141.47,1.5,1044.73
148,762.627,1671.59,1.5,10,543,1694.97,2141.47,1.5,1044.06
149,763.127,1672.09,1.5,8,543,1694.97,2141.47,1.5,1043.39
150,763.627,1672.59,1.5,7,543,1694.97,2141.47,1.5,1042.72
151,724.953,1612.53,1.5,10,543,1694.97,2141.47,1.5,1104.86
152,725.453,1613.03,1.5,8,543,1694.97,2141.47,1.5,1104.19
153,725.953,1613.53,1.5,7,543,1694.97,2141.47,1.5,1103.51
154,676.871,1585.05,1.5,9,543,1694.97,2141.47,1.5,1160.23
155,677.371,1585.55,1.5,7,543,1694.97,2141.47,1.5,1159.56
156,492.674,1517.78,1.5,8,543,1694.97,2141.47,1.5,1354.44
157,493.174,1518.28,1.5,12,543,1694.97,2141.47,1.5,1353.77
158,401.832,1515.4,1.5,12,543,1694.97,2141.47,1.5,1436.73
159,402.332,1515.9,1.5,10,543,1694.97,2141.47,1.5,1436.06
160,390.37,1585.91,1.5,9,543,1694.97,2141.47,1.5,1417.97
161,390.87,1586.41,1.5,10,543,1694.97,2141.47,1.5,1417.32
162,388.612,1674.61,1.5,9,543,1694.97,2141.47,1.5,1387.28
163,389.112,1675.11,1.5,10,543,1694.97,2141.47,1.5,1386.64
164,386.133,1734.28,1.5,12,543,1694.97,2141.47,1.5,1370.72
165,386.633,1734.78,1.5,11,543,1694.97,2141.47,1.5,1370.09
166,387.133,1735.28,1.5,12,543,1694.97,2141.47,1.5,1369.47
167,387.633,1735.78,1.5,12,543,1694.97,2141.47,1.5,1368.84
168,982.204,1375.65,1.5,8,543,1694.97,2141.47,1.5,1046.2
169,982.704,1376.15,1.5,9,543,1694.97,2141.47,1.5,1045.49
170,1087.53,1245.19,1.5,8,543,1694.97,2141.47,1.5,1082.73
171,1088.03,1245.69,1.5,10,543,1694.97,2141.47,1.5,1082.04
172,1059.19,1105.67,1.5,9,543,1694.97,2141.47,1.5,1215.36
173,1059.69,1106.17,1.5,9,543,1694.97,2141.47,1.5,1214.67
174,924.853,1298.75,1.5,8,543,1694.97,2141.47,1.5,1141.61
175,925.353,1299.25,1.5,8,543,1694.97,2141.47,1.5,1140.9
176,951.715,1037.37,1.5,11,543,1694.97,2141.47,1.5,1330.96
177,952.215,1037.87,1.5,12,543,1694.97,2141.47,1.5,1330.27
178,808.317,968.019,1.5,12,543,1694.97,2141.47,1.5,1470.77
179,808.817,968.519,1.5,10,543,1694.97,2141.47,1.5,1470.07
180,648.33,1144.78,1.5,9,543,1694.97,2141.47,1.5,1445.29
181,648.83,1145.28,1.5,8,543,1694.97,2141.47,1.5,1444.58
182,772.971,1211.77,1.5,8,543,1694.97,2141.47,1.5,1309.36
183,773.471,1212.27,1.5,10,543,1694.97,2141.47,1.5,1308.66
184,869.194,1262.41,1.5,7,543,1694.97,2141.47,1.5,1206.09
185,869.694,1262.91,1.5,8,543,1694.97,2141.47,1.5,1205.39
186,962.788,1111.97,1.5,10,543,1694.97,2141.47,1.5,1263.32
187,963.288,1112.47,1.5,11,543,1694.97,2141.47,1.5,1262.62
188,725.214,728.589,1.5,12,543,1694.97,2141.47,1.5,1713.67
189,725.714,729.089,1.5,12,543,1694.97,2141.47,1.5,1712.98
190,1262.08,386.067,1.5,12,543,1694.97,2141.47,1.5,1807.99
191,1262.58,386.567,1.5,12,543,1694.97,2141.47,1.5,1807.39
192,1263.08,387.067,1.5,12,543,1694.97,2141.47,1.5,1806.78
193,1257.64,505.414,1.5,11,543,1694.97,2141.47,1.5,1693.5
194,1258.14,505.914,1.5,9,543,1694.97,2141.47,1.5,1692.89
195,1090.64,515.708,1.5,11,543,1694.97,2141.47,1.5,1734.45
196,1091.14,516.208,1.5,12,543,1694.97,2141.47,1.5,1733.81
197,1091.64,516.708,1.5,12,543,1694.97,2141.47,1.5,1733.17
198,899.086,586.469,1.5,12,543,1694.97,2141.47,1.5,1746.85
199,899.586,586.969,1.5,11,543,1694.97,2141.47,1.5,1746.17
200,900.086,587.469,1.5,12,543,1694.97,2141.47,1.5,1745.5
201,1013.41,642.235,1.5,11,543,1694.97,2141.47,1.5,1646.89
202,1013.91,642.735,1.5,12,543,1694.97,2141.47,1.5,1646.23
203,1077.48,663.955,1.5,8,543,1694.97,2141.47,1.5,1601.36
204,1077.98,664.455,1.5,11,543,1694.97,2141.47,1.5,1600.7
205,1078.48,664.955,1.5,12,543,1694.97,2141.47,1.5,1600.05
206,1173.13,718.905,1.5,10,543,1694.97,2141.47,1.5,1515.26
207,1173.63,719.405,1.5,12,543,1694.97,2141.47,1.5,1514.62
208,1174.13,719.905,1.5,12,543,1694.97,2141.47,1.5,1513.98
209,1162.35,784.551,1.5,11,543,1694.97,2141.47,1.5,1457.71
210,1162.85,785.051,1.5,12,543,1694.97,2141.47,1.5,1457.06
211,1163.35,785.551,1.5,10,543,1694.97,2141.47,1.5,1456.41
212,709.914,794.615,1.5,12,543,1694.97,2141.47,1.5,1668.64
213,710.414,795.115,1.5,9,543,1694.97,2141.47,1.5,1667.94
214,1359.74,730.373,1.5,10,543,1694.97,2141.47,1.5,1450.37
215,1360.24,730.873,1.5,10,543,1694.97,2141.47,1.5,1449.77
216,1360.74,731.373,1.5,10,543,1694.97,2141.47,1.5,1449.17
217,1453.47,562.426,1.5,10,543,1694.97,2141.47,1.5,1597.41
218,1275.43,885.824,1.5,12,543,1694.97,2141.47,1.5,1323.89
219,1235.86,645.898,1.5,12,543,1694.97,2141.47,1.5,1564.46
220,1236.36,646.398,1.5,11,543,1694.97,2141.47,1.5,1563.83
221,1408.89,2336.88,1.5,7,543,1694.97,2141.47,1.5,346.453
222,1380.65,2358.97,1.5,7,543,1694.97,2141.47,1.5,382.24
223,718.167,1165.81,1.5,9,543,1694.97,2141.47,1.5,1380.6
224,730.047,1146.04,1.5,12,543,1694.97,2141.47,1.5,1386.35
225,741.446,1131.24,1.5,11,543,1694.97,2141.47,1.5,1389.16
226,781.94,1069.89,1.5,9,543,1694.97,2141.47,1.5,1407.81
227,797.687,1037.88,1.5,12,543,1694.97,2141.47,1.5,1422.34
228,816.635,1019.31,1.5,11,543,1694.97,2141.47,1.5,1425.04
229,746.122,1134.63,1.5,10,543,1694.97,2141.47,1.5,1383.49
230,904.651,1061.97,1.5,10,543,1694.97,2141.47,1.5,1337.88
231,461.262,1517.12,1.5,11,543,1694.97,2141.47,1.5,1382.7
232,461.262,1517.12,1.5,11,543,1694.97,2141.47,1.5,1382.7
233,461.262,1517.12,1.5,8,543,1694.97,2141.47,1.5,1382.7
234,461.262,1517.12,1.5,10,543,1694.97,2141.47,1.5,1382.7
235,1056.11,855.842,1.5,10,543,1694.97,2141.47,1.5,1435.61
236,1056.11,855.842,1.5,12,543,1694.97,2141.47,1.5,1435.61
237,1041.35,883.328,1.5,10,543,1694.97,2141.47,1.5,1417.8
238,1041.35,883.328,1.5,12,543,1694.97,2141.47,1.5,1417.8
239,822.965,809.158,1.5,10,543,1694.97,2141.47,1.5,1592.31
240,961.503,873.46,1.5,10,543,1694.97,2141.47,1.5,1464.87
241,766.052,899.193,1.5,12,543,1694.97,2141.47,1.5,1551.18
242,734.585,763.281,1.5,12,543,1694.97,2141.47,1.5,1679.81
243,818.391,681.155,1.5,12,543,1694.97,2141.47,1.5,1703.21
244,913.28,687.468,1.5,12,543,1694.97,2141.47,1.5,1650.81
245,914.802,681.397,1.5,12,543,1694.97,2141.47,1.5,1655.44
246,898.727,692.803,1.5,12,543,1694.97,2141.47,1.5,1653.07
247,920.878,658.11,1.5,11,543,1694.97,2141.47,1.5,1673.2
248,869.388,639.555,1.5,10,543,1694.97,2141.47,1.5,1713.87
249,952.169,755.36,1.5,12,543,1694.97,2141.47,1.5,1572.6
250,943.92,779.835,1.5,11,543,1694.97,2141.47,1.5,1555.04
251,970.712,692.259,1.5,12,543,1694.97,2141.47,1.5,1620.11
252,738.61,908.446,1.5,9,543,1694.97,2141.47,1.5,1560.44
253,795.186,1238.56,1.5,12,543,1694.97,2141.47,1.5,1274.71
254,903.181,1145.03,1.5,8,543,1694.97,2141.47,1.5,1272.73
255,870.219,1159.85,1.5,8,543,1694.97,2141.47,1.5,1282.11
256,928.847,1145.39,1.5,8,543,1694.97,2141.47,1.5,1256.64
257,955.1,1103.66,1.5,8,543,1694.97,2141.47,1.5,1274.54
258,874.874,1157.37,1.5,10,543,1694.97,2141.47,1.5,1281.02
259,874.874,1157.37,1.5,10,543,1694.97,2141.47,1.5,1281.02
260,874.874,1157.37,1.5,10,543,1694.97,2141.47,1.5,1281.02
261,874.874,1157.37,1.5,10,543,1694.97,2141.47,1.5,1281.02
262,874.874,1157.37,1.5,9,543,1694.97,2141.47,1.5,1281.02
263,874.874,1157.37,1.5,9,543,1694.97,2141.47,1.5,1281.02
264,983.699,1099.85,1.5,10,543,1694.97,2141.47,1.5,1261.3
265,929.623,1200.01,1.5,7,543,1694.97,2141.47,1.5,1213.31
266,979.572,1167.36,1.5,10,543,1694.97,2141.47,1.5,1208.59
267,994.676,1181.31,1.5,11,543,1694.97,2141.47,1.5,1188.41
268,994.632,1140.44,1.5,11,543,1694.97,2141.47,1.5,1221.7
269,1134.35,1164.32,1.5,10,543,1694.97,2141.47,1.5,1126.55
270,954.082,1242.55,1.5,10,543,1694.97,2141.47,1.5,1164.89
271,964.895,1284.35,1.5,7,543,1694.97,2141.47,1.5,1125.91
272,1003.49,1189.52,1.5,9,543,1694.97,2141.47,1.5,1176.59
273,1035.03,1240.03,1.5,12,543,1694.97,2141.47,1.5,1117.2
274,1035.03,1240.03,1.5,9,543,1694.97,2141.47,1.5,1117.2
275,1035.03,1240.03,1.5,7,543,1694.97,2141.47,1.5,1117.2
276,1035.03,1240.03,1.5,12,543,1694.97,2141.47,1.5,1117.2
277,1035.03,1240.03,1.5,12,543,1694.97,2141.47,1.5,1117.2
278,1371.91,1123.55,1.5,7,543,1694.97,2141.47,1.5,1067.96
279,1371.91,1123.55,1.5,9,543,1694.97,2141.47,1.5,1067.96
280,1483.92,1198.44,1.5,11,543,1694.97,2141.47,1.5,966.356
281,1477.62,1134.66,1.5,8,543,1694.97,2141.47,1.5,1030
282,1453.69,1068.76,1.5,7,543,1694.97,2141.47,1.5,1099.52
283,1514.74,1057.42,1.5,12,543,1694.97,2141.47,1.5,1098.93
284,1535.57,1066.66,1.5,8,543,1694.97,2141.47,1.5,1086.56
285,920.754,1422.97,1.5,7,543,1694.97,2141.47,1.5,1056.25
286,856.246,1424.62,1.5,9,543,1694.97,2141.47,1.5,1103.33
287,856.246,1424.62,1.5,12,543,1694.97,2141.47,1.5,1103.33
288,822.319,1449.62,1.5,9,543,1694.97,2141.47,1.5,1113.64
289,862.047,1296.21,1.5,8,543,1694.97,2141.47,1.5,1186.69
290,632.654,1545.55,1.5,8,543,1694.97,2141.47,1.5,1218.05
291,814.865,1387.93,1.5,12,543,1694.97,2141.47,1.5,1158.63
292,831.458,1464.26,1.5,10,543,1694.97,2141.47,1.5,1097.4
293,744.538,1475.12,1.5,12,543,1694.97,2141.47,1.5,1160.76
294,768.856,1571.83,1.5,12,543,1694.97,2141.47,1.5,1087.29
295,807.415,1531.38,1.5,7,543,1694.97,2141.47,1.5,1077.02
296,729.456,1598.97,1.5,8,543,1694.97,2141.47,1.5,1107.49
297,729.456,1598.97,1.5,9,543,1694.97,2141.47,1.5,1107.49
298,729.456,1598.97,1.5,12,543,1694.97,2141.47,1.5,1107.49
299,717.136,1598.79,1.5,12,543,1694.97,2141.47,1.5,1118.33
300,704.902,1775.85,1.5,8,543,1694.97,2141.47,1.5,1055.42
301,729.935,1696.78,1.5,9,543,1694.97,2141.47,1.5,1062.57
302,729.935,1696.78,1.5,8,543,1694.97,2141.47,1.5,1062.57
303,700.634,1772.69,1.5,7,543,1694.97,2141.47,1.5,1060.52
304,643.281,1688.59,1.5,8,543,1694.97,2141.47,1.5,1145.06
305,643.281,1688.59,1.5,8,543,1694.97,2141.47,1.5,1145.06
306,648.616,1681.58,1.5,7,543,1694.97,2141.47,1.5,1142.97
307,648.616,1681.58,1.5,9,543,1694.97,2141.47,1.5,1142.97
308,648.616,1681.58,1.5,8,543,1694.97,2141.47,1.5,1142.97
309,648.616,1681.58,1.5,8,543,1694.97,2141.47,1.5,1142.97
310,624.263,1778.05,1.5,9,543,1694.97,2141.47,1.5,1130.71
311,726.187,1781.14,1.5,9,543,1694.97,2141.47,1.5,1033.63
312,729.838,1784.4,1.5,12,543,1694.97,2141.47,1.5,1029.07
313,732.283,1785.76,1.5,9,543,1694.97,2141.47,1.5,1026.31
314,707.695,1789.07,1.5,7,543,1694.97,2141.47,1.5,1048.29
315,657.474,1884.96,1.5,12,543,1694.97,2141.47,1.5,1068.74
316,687.594,1875.3,1.5,11,543,1694.97,2141.47,1.5,1041.95
317,783.636,1836.44,1.5,7,543,1694.97,2141.47,1.5,961.033
318,783.636,1836.44,1.5,7,543,1694.97,2141.47,1.5,961.033
319,764.539,1872.95,1.5,7,543,1694.97,2141.47,1.5,968.409
320,791.16,1907.77,1.5,7,543,1694.97,2141.47,1.5,933.54
321,783.636,1836.44,1.5,7,543,1694.97,2141.47,1.5,961.033
322,783.636,1836.44,1.5,7,543,1694.97,2141.47,1.5,961.033
323,823.938,1832.9,1.5,9,543,1694.97,2141.47,1.5,924.077
324,716.669,1888.89,1.5,7,543,1694.97,2141.47,1.5,1010.39
325,722.308,1984.9,1.5,12,543,1694.97,2141.47,1.5,985.188
326,722.308,1984.9,1.5,7,543,1694.97,2141.47,1.5,985.188
327,722.308,1984.9,1.5,12,543,1694.97,2141.47,1.5,985.188
328,722.308,1984.9,1.5,7,543,1694.97,2141.47,1.5,985.188
329,722.308,1984.9,1.5,10,543,1694.97,2141.47,1.5,985.188
330,722.308,1984.9,1.5,8,543,1694.97,2141.47,1.5,985.188
331,697.627,1980.12,1.5,7,543,1694.97,2141.47,1.5,1010.31
332,658.289,1958.75,1.5,8,543,1694.97,2141.47,1.5,1052.67
333,659.989,2013.38,1.5,8,543,1694.97,2141.47,1.5,1042.88
334,684.105,2124.49,1.5,11,543,1694.97,2141.47,1.5,1011.01
335,583.175,1999.01,1.5,10,543,1694.97,2141.47,1.5,1120.89
336,646.053,2055.28,1.5,8,543,1694.97,2141.47,1.5,1052.46
337,570.831,2022.54,1.5,9,543,1694.97,2141.47,1.5,1130.42
338,569.642,2012.11,1.5,8,543,1694.97,2141.47,1.5,1132.74
339,684.679,2083.51,1.5,7,543,1694.97,2141.47,1.5,1011.96
340,670.945,2111.01,1.5,11,543,1694.97,2141.47,1.5,1024.48
341,586.612,2164.22,1.5,8,543,1694.97,2141.47,1.5,1108.6
342,543.199,2067.13,1.5,9,543,1694.97,2141.47,1.5,1154.17
343,542.998,2081.53,1.5,10,543,1694.97,2141.47,1.5,1153.54
344,580.073,2220.51,1.5,9,543,1694.97,2141.47,1.5,1117.7
345,481.889,2140.82,1.5,11,543,1694.97,2141.47,1.5,1213.09
346,481.889,2140.82,1.5,12,543,1694.97,2141.47,1.5,1213.09
347,465.997,2080.45,1.5,9,543,1694.97,2141.47,1.5,1230.49
348,466.199,2066.05,1.5,12,543,1694.97,2141.47,1.5,1231.09
349,466.199,2066.05,1.5,9,543,1694.97,2141.47,1.5,1231.09
350,466.199,2066.05,1.5,9,543,1694.97,2141.47,1.5,1231.09
351,439.942,2107.77,1.5,8,543,1694.97,2141.47,1.5,1255.49
352,439.942,2107.77,1.5,12,543,1694.97,2141.47,1.5,1255.49
353,161.305,1840.23,1.5,11,543,1694.97,2141.47,1.5,1562.97
354,238.242,1926.27,1.5,11,543,1694.97,2141.47,1.5,1472.54
355,171.543,2061.92,1.5,10,543,1694.97,2141.47,1.5,1525.51
356,279.675,1959.31,1.5,12,543,1694.97,2141.47,1.5,1426.97
357,279.675,1959.31,1.5,12,543,1694.97,2141.47,1.5,1426.97
358,363.143,2092.3,1.5,9,543,1694.97,2141.47,1.5,1332.74
359,315.335,2059.84,1.5,9,543,1694.97,2141.47,1.5,1382.05
360,474.736,1456.94,1.5,8,543,1694.97,2141.47,1.5,1399.13
361,377.21,1587.05,1.5,12,543,1694.97,2141.47,1.5,1429.64
362,374.535,1675.3,1.5,9,543,1694.97,2141.47,1.5,1400.31
363,371.346,1690.32,1.5,12,543,1694.97,2141.47,1.5,1398.4
364,268.675,1784.47,1.5,9,543,1694.97,2141.47,1.5,1470.3
365,265.518,1782.66,1.5,10,543,1694.97,2141.47,1.5,1473.8
366,299.751,1809.17,1.5,9,543,1694.97,2141.47,1.5,1434.25
367,356.361,1572.69,1.5,10,543,1694.97,2141.47,1.5,1454.44
368,474.736,1456.94,1.5,11,543,1694.97,2141.47,1.5,1399.13
369,458.238,1520.4,1.5,12,543,1694.97,2141.47,1.5,1383.93
370,458.238,1520.4,1.5,10,543,1694.97,2141.47,1.5,1383.93
371,449.225,1613.98,1.5,12,543,1694.97,2141.47,1.5,1352.83
372,449.225,1613.98,1.5,8,543,1694.97,2141.47,1.5,1352.83
373,479.235,1707.34,1.5,9,543,1694.97,2141.47,1.5,1290.93
374,479.235,1707.34,1.5,12,543,1694.97,2141.47,1.5,1290.93
375,479.235,1707.34,1.5,8,543,1694.97,2141.47,1.5,1290.93
376,412.774,1709.07,1.5,12,543,1694.97,2141.47,1.5,1353.15
377,509.126,1692.03,1.5,11,543,1694.97,2141.47,1.5,1268.16
378,461.262,1517.12,1.5,12,543,1694.97,2141.47,1.5,1382.7
379,640.443,1436.66,1.5,10,543,1694.97,2141.47,1.5,1268.38
380,484.542,1475.24,1.5,12,543,1694.97,2141.47,1.5,1381.67
381,517.062,1506.71,1.5,10,543,1694.97,2141.47,1.5,1338.06
382,522.528,1380.51,1.5,12,543,1694.97,2141.47,1.5,1397.75
383,575.015,1899.76,1.5,12,543,1694.97,2141.47,1.5,1145.75
384,575.015,1899.76,1.5,8,543,1694.97,2141.47,1.5,1145.75
385,606.436,1870.51,1.5,7,543,1694.97,2141.47,1.5,1121.76
386,419.524,2011.34,1.5,9,543,1694.97,2141.47,1.5,1282.07
387,336.194,1802.59,1.5,10,543,1694.97,2141.47,1.5,1400.4
388,137.656,2025.33,1.5,11,543,1694.97,2141.47,1.5,1561.64
389,129.665,2111.84,1.5,12,543,1694.97,2141.47,1.5,1565.59
390,198.656,2156.79,1.5,11,543,1694.97,2141.47,1.5,1496.4
391,240.681,2257.51,1.5,10,543,1694.97,2141.47,1.5,1458.92
392,106.921,2312.9,1.5,12,543,1694.97,2141.47,1.5,1597.28
393,915.828,1922.03,1.5,8,543,1694.97,2141.47,1.5,809.46
394,915.828,1922.03,1.5,11,543,1694.97,2141.47,1.5,809.46
395,931.5,2078.99,1.5,7,543,1694.97,2141.47,1.5,766.027
396,992.589,1896.08,1.5,9,543,1694.97,2141.47,1.5,744.019
397,958.657,1899.37,1.5,7,543,1694.97,2141.47,1.5,775.099
398,1023.6,1896.29,1.5,7,543,1694.97,2141.47,1.5,714.747
399,1049.39,1894.65,1.5,9,543,1694.97,2141.47,1.5,691.153
400,931.886,1977.97,1.5,7,543,1694.97,2141.47,1.5,780.408
401,896.23,2009.04,1.5,10,543,1694.97,2141.47,1.5,809.649
402,896.23,2009.04,1.5,7,543,1694.97,2141.47,1.5,809.649
403,896.23,2009.04,1.5,7,543,1694.97,2141.47,1.5,809.649
404,1037.23,2096.2,1.5,7,543,1694.97,2141.47,1.5,659.298
405,1037.23,2096.2,1.5,7,543,1694.97,2141.47,1.5,659.298
406,1052.05,2049.88,1.5,7,543,1694.97,2141.47,1.5,649.415
407,1044.51,2038.7,1.5,7,543,1694.97,2141.47,1.5,658.538
408,1066.87,2018.41,1.5,8,543,1694.97,2141.47,1.5,640.05
409,885.202,2078.01,1.5,7,543,1694.97,2141.47,1.5,812.256
410,885.202,2078.01,1.5,9,543,1694.97,2141.47,1.5,812.256
411,962.02,2239.03,1.5,7,543,1694.97,2141.47,1.5,739.42
412,917.695,2162.98,1.5,7,543,1694.97,2141.47,1.5,777.577
413,970.842,2195.62,1.5,7,543,1694.97,2141.47,1.5,726.155
414,1008.76,2157.27,1.5,10,543,1694.97,2141.47,1.5,686.4
415,844.569,2053.74,1.5,7,543,1694.97,2141.47,1.5,854.92
416,1338.49,1281.49,1.5,12,543,1694.97,2141.47,1.5,930.943
417,1486.13,1576.86,1.5,7,543,1694.97,2141.47,1.5,601.994
418,1508.84,1575.74,1.5,7,543,1694.97,2141.47,1.5,595.564
419,1547.04,1708.31,1.5,7,543,1694.97,2141.47,1.5,457.726
420,1524.95,1665.36,1.5,7,543,1694.97,2141.47,1.5,505.565
421,1617.06,1723.69,1.5,7,543,1694.97,2141.47,1.5,424.988
422,938.297,1695.71,1.5,9,543,1694.97,2141.47,1.5,878.216
423,871.799,1722.14,1.5,8,543,1694.97,2141.47,1.5,923.828
424,834.832,1736.8,1.5,7,543,1694.97,2141.47,1.5,950.582
425,841.261,1805.79,1.5,7,543,1694.97,2141.47,1.5,917.34
426,949.547,1875.2,1.5,7,543,1694.97,2141.47,1.5,791.556
427,949.547,1875.2,1.5,7,543,1694.97,2141.47,1.5,791.556
428,1000.06,1883,1.5,7,543,1694.97,2141.47,1.5,741.425
429,1000.06,1883,1.5,7,543,1694.97,2141.47,1.5,741.425
430,1061.65,1884.97,1.5,7,543,1694.97,2141.47,1.5,683.3
431,1184.02,1887.23,1.5,7,543,1694.97,2141.47,1.5,570.716
432,1184.02,1887.23,1.5,7,543,1694.97,2141.47,1.5,570.716
433,1193.94,1985.62,1.5,7,543,1694.97,2141.47,1.5,524.716
434,1174.59,2099.11,1.5,7,543,1694.97,2141.47,1.5,522.108
435,1161.16,2141.79,1.5,7,543,1694.97,2141.47,1.5,533.819
436,1125.95,2221.28,1.5,7,543,1694.97,2141.47,1.5,574.59
437,1088.43,2283.45,1.5,8,543,1694.97,2141.47,1.5,622.944
438,1412.15,1551.35,1.5,7,543,1694.97,2141.47,1.5,654.395
439,1383.6,1404.18,1.5,7,543,1694.97,2141.47,1.5,800.341
440,1465.74,1662.54,1.5,7,543,1694.97,2141.47,1.5,530.97
441,1440.12,1695.19,1.5,12,543,1694.97,2141.47,1.5,513.924
442,1437.95,1637.78,1.5,8,543,1694.97,2141.47,1.5,565.481
443,1182.12,1713.96,1.5,10,543,1694.97,2141.47,1.5,667.668
444,1387.15,1790.04,1.5,7,543,1694.97,2141.47,1.5,467.181
445,1120.24,1197.13,1.5,7,543,1694.97,2141.47,1.5,1105.48
446,1096.58,1229.26,1.5,7,543,1694.97,2141.47,1.5,1090.96
447,1038.2,1336.66,1.5,12,543,1694.97,2141.47,1.5,1038.78
448,982.51,1390.49,1.5,9,543,1694.97,2141.47,1.5,1035.17
449,920.805,1448.67,1.5,7,543,1694.97,2141.47,1.5,1038.9
450,924.273,1509.09,1.5,8,543,1694.97,2141.47,1.5,996.94
451,1098.73,1281.24,1.5,9,543,1694.97,2141.47,1.5,1046.66
452,982.533,1080.45,1.5,9,543,1694.97,2141.47,1.5,1278.02
453,980.367,1051.73,1.5,10,543,1694.97,2141.47,1.5,1303.15
454,1153.28,699.021,1.5,11,543,1694.97,2141.47,1.5,1540.81
455,1093.54,668.611,1.5,10,543,1694.97,2141.47,1.5,1590.93
456,1210.82,644.662,1.5,10,543,1694.97,2141.47,1.5,1573.16
457,1210.82,644.662,1.5,10,543,1694.97,2141.47,1.5,1573.16
458,1210.82,644.662,1.5,12,543,1694.97,2141.47,1.5,1573.16
459,1138.64,585.832,1.5,12,543,1694.97,2141.47,1.5,1652.13
460,1077.1,573.451,1.5,12,543,1694.97,2141.47,1.5,1685.36
461,1111.01,571.932,1.5,11,543,1694.97,2141.47,1.5,1674.66
462,1065.24,614.27,1.5,12,543,1694.97,2141.47,1.5,1651.94
463,1059.96,624.941,1.5,12,543,1694.97,2141.47,1.5,1644.11
464,1064.69,631.875,1.5,12,543,1694.97,2141.47,1.5,1635.89
465,1023.62,579.793,1.5,9,543,1694.97,2141.47,1.5,1699.87
466,1019.62,587.269,1.5,12,543,1694.97,2141.47,1.5,1694.59
467,1206.48,543.912,1.5,12,543,1694.97,2141.47,1.5,1670.58
468,1206.48,543.912,1.5,12,543,1694.97,2141.47,1.5,1670.58
469,853.862,2292.35,1.5,7,543,1694.97,2141.47,1.5,854.538
470,846.589,2298.45,1.5,8,543,1694.97,2141.47,1.5,862.788
471,693.355,2292.65,1.5,8,543,1694.97,2141.47,1.5,1012.97
472,642.699,2214.18,1.5,9,543,1694.97,2141.47,1.5,1054.79
473,631.168,2296.99,1.5,7,543,1694.97,2141.47,1.5,1075.12
474,663.213,2377.19,1.5,12,543,1694.97,2141.47,1.5,1058.35
475,729.567,2390.75,1.5,7,543,1694.97,2141.47,1.5,997.072
476,734.773,2297.55,1.5,7,543,1694.97,2141.47,1.5,972.805
477,734.773,2297.55,1.5,8,543,1694.97,2141.47,1.5,972.805
478,626.929,2276.99,1.5,11,543,1694.97,2141.47,1.5,1076.61
479,611,2387.87,1.5,12,543,1694.97,2141.47,1.5,1111.63
480,627.744,2365.51,1.5,10,543,1694.97,2141.47,1.5,1090.49
481,627.744,2365.51,1.5,8,543,1694.97,2141.47,1.5,1090.49
482,401.067,2273.16,1.5,9,543,1694.97,2141.47,1.5,1300.59
483,437.642,2271.9,1.5,11,543,1694.97,2141.47,1.5,1264.08
484,905.226,1710.87,1.5,7,543,1694.97,2141.47,1.5,899.513
485,816.113,1548.23,1.5,7,543,1694.97,2141.47,1.5,1060.35
486,860.378,1554.94,1.5,7,543,1694.97,2141.47,1.5,1020.08
487,885.454,1656.2,1.5,9,543,1694.97,2141.47,1.5,943.828
488,871.03,1637.61,1.5,9,543,1694.97,2141.47,1.5,965.794
489,871.03,1637.61,1.5,7,543,1694.97,2141.47,1.5,965.794
490,887.267,1614.69,1.5,7,543,1694.97,2141.47,1.5,964.309
491,885.454,1656.2,1.5,7,543,1694.97,2141.47,1.5,943.828
492,833.459,1673.53,1.5,12,543,1694.97,2141.47,1.5,980.398
493,871.03,1637.61,1.5,7,543,1694.97,2141.47,1.5,965.794
494,833.459,1673.53,1.5,7,543,1694.97,2141.47,1.5,980.398
495,702.849,1423.8,1.5,7,543,1694.97,2141.47,1.5,1224.49
496,871.932,2344,1.5,12,543,1694.97,2141.47,1.5,847.596
497,872.648,2344.23,1.5,9,543,1694.97,2141.47,1.5,846.956
498,939.235,2296.98,1.5,11,543,1694.97,2141.47,1.5,771.574
499,1185.84,764.498,1.5,10,543,1694.97,2141.47,1.5,1468.09
500,1248.6,638.101,1.5,10,543,1694.97,2141.47,1.5,1568.24
501,1226.23,504.865,1.5,10,543,1694.97,2141.47,1.5,1702.41
502,1196.75,505.45,1.5,12,543,1694.97,2141.47,1.5,1710.2
503,1086.77,498.706,1.5,12,543,1694.97,2141.47,1.5,1751.74
504,1121.23,480.025,1.5,11,543,1694.97,2141.47,1.5,1757.72
505,1081.93,499.968,1.5,12,543,1694.97,2141.47,1.5,1752.24
506,1250.45,410.052,1.5,10,543,1694.97,2141.47,1.5,1787.57
507,1192.7,361.947,1.5,12,543,1694.97,2141.47,1.5,1849.05
508,1431.72,494.996,1.5,12,543,1694.97,2141.47,1.5,1667.39
509,1432.84,583.738,1.5,12,543,1694.97,2141.47,1.5,1579.63
510,1311.23,307.443,1.5,10,543,1694.97,2141.47,1.5,1873.75
511,1209.16,1807.05,1.5,7,543,1694.97,2141.47,1.5,589.786
512,1203.55,1819.49,1.5,7,543,1694.97,2141.47,1.5,587.512
513,1203.39,1816.5,1.5,7,543,1694.97,2141.47,1.5,589.294
514,1203.23,1812.73,1.5,7,543,1694.97,2141.47,1.5,591.508
515,1362.2,1996.28,1.5,7,543,1694.97,2141.47,1.5,363.075
516,1274.86,2021.75,1.5,7,543,1694.97,2141.47,1.5,436.836
517,1267.31,1974.46,1.5,7,543,1694.97,2141.47,1.5,459.119
518,1249.75,1952.62,1.5,7,543,1694.97,2141.47,1.5,483.626
519,1202.99,2124.1,1.5,7,543,1694.97,2141.47,1.5,492.29
520,1223.31,2309.03,1.5,7,543,1694.97,2141.47,1.5,500.546
521,1119.42,2277.45,1.5,8,543,1694.97,2141.47,1.5,591.403
522,1554.38,2102.86,1.5,7,543,1694.97,2141.47,1.5,145.804
523,1532.95,2166.59,1.5,7,543,1694.97,2141.47,1.5,163.96
524,1543.49,2235.63,1.5,7,543,1694.97,2141.47,1.5,178.366
525,1405.04,2215.2,1.5,7,543,1694.97,2141.47,1.5,299.161
526,1431.27,585.71,1.5,12,543,1694.97,2141.47,1.5,1577.95
527,1189.78,1548.28,1.5,8,543,1694.97,2141.47,1.5,779.166
528,1065.49,1624.49,1.5,9,543,1694.97,2141.47,1.5,814.565
529,1064.02,1626.69,1.5,7,543,1694.97,2141.47,1.5,814.311
530,1132.33,1544.12,1.5,7,543,1694.97,2141.47,1.5,820.605
531,1135.7,1538.63,1.5,7,543,1694.97,2141.47,1.5,822.321
532,1228.76,1506.81,1.5,7,543,1694.97,2141.47,1.5,787.497
533,1170.76,1505.78,1.5,10,543,1694.97,2141.47,1.5,823.959
534,1149.95,1510.47,1.5,7,543,1694.97,2141.47,1.5,833.793
535,1279.23,1282.32,1.5,7,543,1694.97,2141.47,1.5,954.454
536,1213.64,1309.98,1.5,8,543,1694.97,2141.47,1.5,960.757
537,1525.68,1915.04,1.5,7,543,1694.97,2141.47,1.5,282.726
538,1532.52,1976.72,1.5,7,543,1694.97,2141.47,1.5,231.376
539,1626.84,1803.13,1.5,7,543,1694.97,2141.47,1.5,345.131
540,1653.46,1845.82,1.5,7,543,1694.97,2141.47,1.5,298.555
541,1715.96,2098.69,1.5,7,543,1694.97,2141.47,1.5,47.6532
542,1824.26,2241.32,1.5,7,543,1694.97,2141.47,1.5,163.351
