0,1527.41,2180.21,8.91176,7,543,1694.97,2141.47,10.5588,171.998
1,297.312,1965.81,4.91176,7,543,1694.97,2141.47,10.5588,1408.67
2,1535.55,1646.18,9.26471,7,543,1694.97,2141.47,10.5588,520.316
3,1149.49,1831.09,5.5,7,543,1694.97,2141.47,10.5588,627.629
4,1186.8,667.866,8.20588,7,543,1694.97,2141.47,10.5588,1558.77
5,680.841,2348.69,2.67647,7,543,1694.97,2141.47,10.5588,1035.12
6,1204.95,597.769,8.55882,7,543,1694.97,2141.47,10.5588,1619.61
7,1143.06,1202.75,4.44118,7,543,1694.97,2141.47,10.5588,1088.97
8,352.053,1826.28,3.97059,7,543,1694.97,2141.47,10.5588,1379.43
9,556.256,1822.99,4.32353,7,543,1694.97,2141.47,10.5588,1182.43
10,308.252,2105.02,4.55882,7,543,1694.97,2141.47,10.5588,1387.21
11,840.657,1130.31,5.26471,7,543,1694.97,2141.47,10.5588,1323.75
12,700.225,1136.53,5.14706,7,543,1694.97,2141.47,10.5588,1414.03
13,1289.37,641.152,8.20588,7,543,1694.97,2141.47,10.5588,1554.18
14,1330.71,760.022,5.85294,7,543,1694.97,2141.47,10.5588,1428.68
15,1067.96,465.732,7.97059,7,543,1694.97,2141.47,10.5588,1789.21
16,138.615,2070.03,1.97059,7,543,1694.97,2141.47,10.5588,1558.02
17,1141.11,356.271,8.79412,7,543,1694.97,2141.47,10.5588,1869.15
18,1403.1,1702.95,8.32353,7,543,1694.97,2141.47,10.5588,526.784
19,1256.48,1967.59,7.5,7,543,1694.97,2141.47,10.5588,471.72
20,700.848,1518.07,4.91176,7,543,1694.97,2141.47,10.5588,1173.44
21,829.965,1433.34,4.32353,7,543,1694.97,2141.47,10.5588,1117.91
22,857.054,1625.83,3.73529,7,543,1694.97,2141.47,10.5588,983.89
23,965.17,1502.79,3.61765,7,543,1694.97,2141.47,10.5588,969.834
24,770.328,2465.28,3.85294,7,543,1694.97,2141.47,10.5588,979.729
25,750.766,1090.14,5.26471,7,543,1694.97,2141.47,10.5588,1413.1
26,1062.64,1143.53,4.79412,7,543,1694.97,2141.47,10.5588,1181.43
27,1035.71,859.396,6.79412,7,543,1694.97,2141.47,10.5588,1441.65
28,423.024,2082.37,3.26471,7,543,1694.97,2141.47,10.5588,1273.34
29,428.705,1666.8,4.20588,7,543,1694.97,2141.47,10.5588,1352.33
30,965.046,2149.36,4.44118,7,543,1694.97,2141.47,10.5588,729.998
31,519.368,2150.89,2.67647,7,543,1694.97,2141.47,10.5588,1175.67
32,811.661,2345.53,3.26471,7,543,1694.97,2141.47,10.5588,906.607
33,724.497,1976.39,2.44118,7,543,1694.97,2141.47,10.5588,984.451
34,968.081,1123.22,5.61765,7,543,1694.97,2141.47,10.5588,1251.09
35,546.812,2311.01,2.44118,7,543,1694.97,2141.47,10.5588,1160.64
36,666.715,2029.88,2.79412,7,543,1694.97,2141.47,10.5588,1034.33
37,670.199,1698.57,4.55882,7,543,1694.97,2141.47,10.5588,1116.41
38,777.679,1004.92,5.73529,7,543,1694.97,2141.47,10.5588,1460.55
39,956.6,1298.19,3.73529,7,543,1694.97,2141.47,10.5588,1120.88
40,1218.2,2096.66,5.85294,7,543,1694.97,2141.47,10.5588,478.902
41,213.981,1827.41,4.20588,7,543,1694.97,2141.47,10.5588,1513.94
42,955.805,1150.58,5.02941,7,543,1694.97,2141.47,10.5588,1236.23
43,905,1250.58,5.02941,7,543,1694.97,2141.47,10.5588,1190.7
44,684.092,1098.76,4.91176,7,543,1694.97,2141.47,10.5588,1452.3
45,1188.78,252.895,8.91176,7,543,1694.97,2141.47,10.5588,1955.24
46,1192.24,740.329,7.26471,7,543,1694.97,2141.47,10.5588,1488.61
47,1494.52,1093.36,7.73529,7,543,1694.97,2141.47,10.5588,1067.11
48,1495.02,1093.86,7.73529,7,543,1694.97,2141.47,10.5588,1066.52
49,1495.52,1094.36,7.73529,7,543,1694.97,2141.47,10.5588,1065.94
50,1496.02,1094.86,7.73529,7,543,1694.97,2141.47,10.5588,1065.35
51,1444.59,1176.19,6.79412,7,543,1694.97,2141.47,10.5588,997.237
52,1320.34,1081.07,5.14706,7,543,1694.97,2141.47,10.5588,1124.64
53,1320.84,1081.57,5.14706,7,543,1694.97,2141.47,10.5588,1124.01
54,1427.71,1539.61,7.5,7,543,1694.97,2141.47,10.5588,658.544
55,1475,1587.45,8.91176,7,543,1694.97,2141.47,10.5588,596.094
56,1475.5,1587.95,8.91176,7,543,1694.97,2141.47,10.5588,595.445
57,1512.03,1774.17,9.02941,7,543,1694.97,2141.47,10.5588,410.341
58,1370.42,1774.97,7.85294,7,543,1694.97,2141.47,10.5588,489.562
59,1370.92,1775.47,7.85294,7,543,1694.97,2141.47,10.5588,488.856
60,1282.52,1796.67,6.91176,7,543,1694.97,2141.47,10.5588,537.604
61,1283.02,1797.17,6.91176,7,543,1694.97,2141.47,10.5588,536.9
62,1099.84,2296.9,5.02941,7,543,1694.97,2141.47,10.5588,615.12
63,1100.34,2297.4,5.02941,7,543,1694.97,2141.47,10.5588,614.763
64,1107.43,2268.54,4.55882,7,543,1694.97,2141.47,10.5588,601.162
65,1107.93,2269.04,4.55882,7,543,1694.97,2141.47,10.5588,600.78
66,1121.83,2259.43,4.44118,7,543,1694.97,2141.47,10.5588,585.194
67,1122.33,2259.93,4.44118,7,543,1694.97,2141.47,10.5588,584.805
68,1200.81,1934.65,6.67647,7,543,1694.97,2141.47,10.5588,535.712
69,1201.31,1935.15,6.67647,7,543,1694.97,2141.47,10.5588,535.057
70,1193.81,1884.71,6.44118,7,543,1694.97,2141.47,10.5588,563.128
71,1194.31,1885.21,6.44118,7,543,1694.97,2141.47,10.5588,562.455
72,1711.94,2173.51,10.5588,7,543,1694.97,2141.47,10.5588,36.2547
73,1712.44,2174.01,10.5588,7,543,1694.97,2141.47,10.5588,36.9311
74,1530.54,2221.38,8.67647,7,543,1694.97,2141.47,10.5588,182.832
75,1500.18,2270.25,8.32353,7,543,1694.97,2141.47,10.5588,233.523
76,978.849,2364.77,4.55882,7,543,1694.97,2141.47,10.5588,750.157
77,979.349,2365.27,4.55882,7,543,1694.97,2141.47,10.5588,749.828
78,855.868,2332.48,3.38235,7,543,1694.97,2141.47,10.5588,860.602
79,964.111,2236.4,4.32353,7,543,1694.97,2141.47,10.5588,737.031
80,964.611,2236.9,4.32353,7,543,1694.97,2141.47,10.5588,736.599
81,965.111,2237.4,4.32353,7,543,1694.97,2141.47,10.5588,736.169
82,1063.94,1875.25,4.67647,7,543,1694.97,2141.47,10.5588,684.919
83,1064.44,1875.75,4.67647,7,543,1694.97,2141.47,10.5588,684.264
84,794.766,1503.4,5.26471,7,543,1694.97,2141.47,10.5588,1103.42
85,795.266,1503.9,5.26471,7,543,1694.97,2141.47,10.5588,1102.72
86,795.766,1504.4,5.26471,7,543,1694.97,2141.47,10.5588,1102.03
87,796.266,1504.9,5.26471,7,543,1694.97,2141.47,10.5588,1101.33
88,569.336,1396.23,4.79412,7,543,1694.97,2141.47,10.5588,1349.99
89,569.836,1396.73,4.79412,7,543,1694.97,2141.47,10.5588,1349.3
90,983.624,1626.56,2.91176,7,543,1694.97,2141.47,10.5588,878.187
91,984.124,1627.06,2.91176,7,543,1694.97,2141.47,10.5588,877.489
92,1116.24,1519.97,3.61765,7,543,1694.97,2141.47,10.5588,849.261
93,1116.74,1520.47,3.61765,7,543,1694.97,2141.47,10.5588,848.555
94,1099.26,2022.51,4.91176,7,543,1694.97,2141.47,10.5588,607.503
95,1099.76,2023.01,4.91176,7,543,1694.97,2141.47,10.5588,606.915
96,1079.35,2109.85,5.14706,7,543,1694.97,2141.47,10.5588,616.461
97,1079.85,2110.35,5.14706,7,543,1694.97,2141.47,10.5588,615.936
98,621.541,2390.46,2.32353,7,543,1694.97,2141.47,10.5588,1101.96
99,622.041,2390.96,2.32353,7,543,1694.97,2141.47,10.5588,1101.59
100,622.541,2391.46,2.32353,7,543,1694.97,2141.47,10.5588,1101.21
101,623.041,2391.96,2.32353,7,543,1694.97,2141.47,10.5588,1100.84
102,552.428,2368.66,2.44118,7,543,1694.97,2141.47,10.5588,1164.94
103,552.928,2369.16,2.44118,7,543,1694.97,2141.47,10.5588,1164.55
104,172.137,1909.84,4.32353,7,543,1694.97,2141.47,10.5588,1540.37
105,172.637,1910.34,4.32353,7,543,1694.97,2141.47,10.5588,1539.8
106,173.137,1910.84,4.32353,7,543,1694.97,2141.47,10.5588,1539.23
107,173.637,1911.34,4.32353,7,543,1694.97,2141.47,10.5588,1538.66
108,174.137,1911.84,4.32353,7,543,1694.97,2141.47,10.5588,1538.09
109,208.803,1887.42,4.44118,7,543,1694.97,2141.47,10.5588,1507.74
110,209.303,1887.92,4.44118,7,543,1694.97,2141.47,10.5588,1507.16
111,259.565,1958.14,4.67647,7,543,1694.97,2141.47,10.5588,1447.08
112,260.065,1958.64,4.67647,7,543,1694.97,2141.47,10.5588,1446.52
113,182.146,2060.07,2.79412,7,543,1694.97,2141.47,10.5588,1515.04
114,182.646,2060.57,2.79412,7,543,1694.97,2141.47,10.5588,1514.51
115,183.146,2061.07,2.79412,7,543,1694.97,2141.47,10.5588,1513.99
116,183.646,2061.57,2.79412,7,543,1694.97,2141.47,10.5588,1513.46
117,352.488,2244.35,1.73529,7,543,1694.97,2141.47,10.5588,1346.45
118,352.988,2244.85,1.73529,7,543,1694.97,2141.47,10.5588,1345.99
119,353.488,2245.35,1.73529,7,543,1694.97,2141.47,10.5588,1345.53
120,353.988,2245.85,1.73529,7,543,1694.97,2141.47,10.5588,1345.07
121,441.754,2242.27,1.61765,7,543,1694.97,2141.47,10.5588,1257.3
122,442.254,2242.77,1.61765,7,543,1694.97,2141.47,10.5588,1256.84
123,575.428,2222.22,1.73529,7,543,1694.97,2141.47,10.5588,1122.49
124,575.928,2222.72,1.73529,7,543,1694.97,2141.47,10.5588,1122.03
125,576.428,2223.22,1.73529,7,543,1694.97,2141.47,10.5588,1121.56
126,576.928,2223.72,1.73529,7,543,1694.97,2141.47,10.5588,1121.1
127,700.873,2151.75,1.97059,7,543,1694.97,2141.47,10.5588,994.193
128,701.373,2152.25,1.97059,7,543,1694.97,2141.47,10.5588,993.698
129,701.873,2152.75,1.97059,7,543,1694.97,2141.47,10.5588,993.204
130,783.832,2049.89,2.79412,7,543,1694.97,2141.47,10.5588,915.766
131,784.332,2050.39,2.79412,7,543,1694.97,2141.47,10.5588,915.219
132,784.832,2050.89,2.79412,7,543,1694.97,2141.47,10.5588,914.672
133,819.598,2010.96,3.02941,7,543,1694.97,2141.47,10.5588,885.084
134,820.098,2011.46,3.02941,7,543,1694.97,2141.47,10.5588,884.516
135,853.198,1892.02,2.55882,7,543,1694.97,2141.47,10.5588,877.996
136,853.698,1892.52,2.55882,7,543,1694.97,2141.47,10.5588,877.375
137,854.198,1893.02,2.55882,7,543,1694.97,2141.47,10.5588,876.754
138,854.698,1893.52,2.55882,7,543,1694.97,2141.47,10.5588,876.133
139,1004.07,1897.45,3.85294,7,543,1694.97,2141.47,10.5588,732.76
140,927.478,1705.75,3.02941,7,543,1694.97,2141.47,10.5588,882.588
141,927.978,1706.25,3.02941,7,543,1694.97,2141.47,10.5588,881.906
142,829.368,1789.78,3.02941,7,543,1694.97,2141.47,10.5588,934.355
143,829.868,1790.28,3.02941,7,543,1694.97,2141.47,10.5588,933.704
144,838.303,1855.7,2.55882,7,543,1694.97,2141.47,10.5588,903.114
145,838.803,1856.2,2.55882,7,543,1694.97,2141.47,10.5588,902.481
146,839.303,1856.7,2.55882,7,543,1694.97,2141.47,10.5588,901.849
147,762.127,1671.09,4.08824,7,543,1694.97,2141.47,10.5588,1044.75
148,762.627,1671.59,4.08824,7,543,1694.97,2141.47,10.5588,1044.08
149,763.127,1672.09,4.08824,7,543,1694.97,2141.47,10.5588,1043.41
150,763.627,1672.59,4.08824,7,543,1694.97,2141.47,10.5588,1042.74
151,724.953,1612.53,4.91176,7,543,1694.97,2141.47,10.5588,1104.88
152,725.453,1613.03,4.91176,7,543,1694.97,2141.47,10.5588,1104.2
153,725.953,1613.53,4.91176,7,543,1694.97,2141.47,10.5588,1103.52
154,676.871,1585.05,5.38235,7,543,1694.97,2141.47,10.5588,1160.25
155,677.371,1585.55,5.38235,7,543,1694.97,2141.47,10.5588,1159.57
156,492.674,1517.78,4.20588,7,543,1694.97,2141.47,10.5588,1354.46
157,493.174,1518.28,4.20588,7,543,1694.97,2141.47,10.5588,1353.79
158,401.832,1515.4,3.85294,7,543,1694.97,2141.47,10.5588,1436.74
159,402.332,1515.9,3.85294,7,543,1694.97,2141.47,10.5588,1436.08
160,390.37,1585.91,4.08824,7,543,1694.97,2141.47,10.5588,1417.99
161,390.87,1586.41,4.08824,7,543,1694.97,2141.47,10.5588,1417.33
162,388.612,1674.61,4.20588,7,543,1694.97,2141.47,10.5588,1387.29
163,389.112,1675.11,4.20588,7,543,1694.97,2141.47,10.5588,1386.65
164,386.133,1734.28,4.20588,7,543,1694.97,2141.47,10.5588,1370.73
165,386.633,1734.78,4.20588,7,543,1694.97,2141.47,10.5588,1370.11
166,387.133,1735.28,4.20588,7,543,1694.97,2141.47,10.5588,1369.48
167,387.633,1735.78,4.20588,7,543,1694.97,2141.47,10.5588,1368.86
168,982.204,1375.65,3.97059,7,543,1694.97,2141.47,10.5588,1046.22
169,982.704,1376.15,3.97059,7,543,1694.97,2141.47,10.5588,1045.51
170,1087.53,1245.19,4.20588,7,543,1694.97,2141.47,10.5588,1082.75
171,1088.03,1245.69,4.20588,7,543,1694.97,2141.47,10.5588,1082.05
172,1059.19,1105.67,5.26471,7,543,1694.97,2141.47,10.5588,1215.37
173,1059.69,1106.17,5.26471,7,543,1694.97,2141.47,10.5588,1214.69
174,924.853,1298.75,3.97059,7,543,1694.97,2141.47,10.5588,1141.63
175,925.353,1299.25,3.97059,7,543,1694.97,2141.47,10.5588,1140.92
176,951.715,1037.37,5.97059,7,543,1694.97,2141.47,10.5588,1330.97
177,952.215,1037.87,5.97059,7,543,1694.97,2141.47,10.5588,1330.28
178,808.317,968.019,6.55882,7,543,1694.97,2141.47,10.5588,1470.77
179,808.817,968.519,6.55882,7,543,1694.97,2141.47,10.5588,1470.07
180,648.33,1144.78,5.5,7,543,1694.97,2141.47,10.5588,1445.3
181,648.83,1145.28,5.5,7,543,1694.97,2141.47,10.5588,1444.59
182,772.971,1211.77,6.08824,7,543,1694.97,2141.47,10.5588,1309.37
183,773.471,1212.27,6.08824,7,543,1694.97,2141.47,10.5588,1308.66
184,869.194,1262.41,5.02941,7,543,1694.97,2141.47,10.5588,1206.11
185,869.694,1262.91,5.02941,7,543,1694.97,2141.47,10.5588,1205.4
186,962.788,1111.97,5.73529,7,543,1694.97,2141.47,10.5588,1263.33
187,963.288,1112.47,5.73529,7,543,1694.97,2141.47,10.5588,1262.63
188,725.214,728.589,6.67647,7,543,1694.97,2141.47,10.5588,1713.68
189,725.714,729.089,6.67647,7,543,1694.97,2141.47,10.5588,1712.98
190,1262.08,386.067,9.26471,7,543,1694.97,2141.47,10.5588,1807.99
191,1262.58,386.567,9.26471,7,543,1694.97,2141.47,10.5588,1807.39
192,1263.08,387.067,9.26471,7,543,1694.97,2141.47,10.5588,1806.78
193,1257.64,505.414,8.91176,7,543,1694.97,2141.47,10.5588,1693.5
194,1258.14,505.914,8.91176,7,543,1694.97,2141.47,10.5588,1692.89
195,1090.64,515.708,8.44118,7,543,1694.97,2141.47,10.5588,1734.45
196,1091.14,516.208,8.44118,7,543,1694.97,2141.47,10.5588,1733.81
197,1091.64,516.708,8.44118,7,543,1694.97,2141.47,10.5588,1733.17
198,899.086,586.469,7.73529,7,543,1694.97,2141.47,10.5588,1746.85
199,899.586,586.969,7.73529,7,543,1694.97,2141.47,10.5588,1746.18
200,900.086,587.469,7.73529,7,543,1694.97,2141.47,10.5588,1745.5
201,1013.41,642.235,8.20588,7,543,1694.97,2141.47,10.5588,1646.89
202,1013.91,642.735,8.20588,7,543,1694.97,2141.47,10.5588,1646.23
203,1077.48,663.955,7.73529,7,543,1694.97,2141.47,10.5588,1601.36
204,1077.98,664.455,7.73529,7,543,1694.97,2141.47,10.5588,1600.71
205,1078.48,664.955,7.73529,7,543,1694.97,2141.47,10.5588,1600.05
206,1173.13,718.905,7.61765,7,543,1694.97,2141.47,10.5588,1515.26
207,1173.63,719.405,7.61765,7,543,1694.97,2141.47,10.5588,1514.62
208,1174.13,719.905,7.61765,7,543,1694.97,2141.47,10.5588,1513.98
209,1162.35,784.551,6.67647,7,543,1694.97,2141.47,10.5588,1457.71
210,1162.85,785.051,6.67647,7,543,1694.97,2141.47,10.5588,1457.07
211,1163.35,785.551,6.67647,7,543,1694.97,2141.47,10.5588,1456.42
212,709.914,794.615,5.73529,7,543,1694.97,2141.47,10.5588,1668.65
213,710.414,795.115,5.73529,7,543,1694.97,2141.47,10.5588,1667.95
214,1359.74,730.373,5.97059,7,543,1694.97,2141.47,10.5588,1450.38
215,1360.24,730.873,5.97059,7,543,1694.97,2141.47,10.5588,1449.78
216,1360.74,731.373,5.97059,7,543,1694.97,2141.47,10.5588,1449.18
217,1453.47,562.426,7.97059,7,543,1694.97,2141.47,10.5588,1597.41
218,1275.43,885.824,4.79412,7,543,1694.97,2141.47,10.5588,1323.9
219,1235.86,645.898,8.55882,7,543,1694.97,2141.47,10.5588,1564.46
220,1236.36,646.398,8.55882,7,543,1694.97,2141.47,10.5588,1563.83
221,1408.89,2336.88,7.02941,7,543,1694.97,2141.47,10.5588,346.471
222,1380.65,2358.97,6.67647,7,543,1694.97,2141.47,10.5588,382.259
223,718.167,1165.81,5.02941,7,543,1694.97,2141.47,10.5588,1380.62
224,730.047,1146.04,5.02941,7,543,1694.97,2141.47,10.5588,1386.36
225,741.446,1131.24,5.02941,7,543,1694.97,2141.47,10.5588,1389.18
226,781.94,1069.89,5.14706,7,543,1694.97,2141.47,10.5588,1407.82
227,797.687,1037.88,5.38235,7,543,1694.97,2141.47,10.5588,1422.35
228,816.635,1019.31,5.97059,7,543,1694.97,2141.47,10.5588,1425.04
229,746.122,1134.63,4.91176,7,543,1694.97,2141.47,10.5588,1383.5
230,904.651,1061.97,5.85294,7,543,1694.97,2141.47,10.5588,1337.89
231,461.262,1517.12,4.32353,7,543,1694.97,2141.47,10.5588,1382.72
232,461.262,1517.12,4.32353,7,543,1694.97,2141.47,10.5588,1382.72
233,461.262,1517.12,4.32353,7,543,1694.97,2141.47,10.5588,1382.72
234,461.262,1517.12,4.32353,7,543,1694.97,2141.47,10.5588,1382.72
235,1056.11,855.842,6.79412,7,543,1694.97,2141.47,10.5588,1435.62
236,1056.11,855.842,6.79412,7,543,1694.97,2141.47,10.5588,1435.62
237,1041.35,883.328,6.67647,7,543,1694.97,2141.47,10.5588,1417.8
238,1041.35,883.328,6.67647,7,543,1694.97,2141.47,10.5588,1417.8
239,822.965,809.158,6.91176,7,543,1694.97,2141.47,10.5588,1592.32
240,961.503,873.46,6.08824,7,543,1694.97,2141.47,10.5588,1464.87
241,766.052,899.193,7.14706,7,543,1694.97,2141.47,10.5588,1551.18
242,734.585,763.281,6.55882,7,543,1694.97,2141.47,10.5588,1679.81
243,818.391,681.155,7.38235,7,543,1694.97,2141.47,10.5588,1703.21
244,913.28,687.468,7.38235,7,543,1694.97,2141.47,10.5588,1650.81
245,914.802,681.397,7.5,7,543,1694.97,2141.47,10.5588,1655.44
246,898.727,692.803,7.38235,7,543,1694.97,2141.47,10.5588,1653.08
247,920.878,658.11,7.61765,7,543,1694.97,2141.47,10.5588,1673.2
248,869.388,639.555,7.85294,7,543,1694.97,2141.47,10.5588,1713.87
249,952.169,755.36,6.91176,7,543,1694.97,2141.47,10.5588,1572.6
250,943.92,779.835,6.91176,7,543,1694.97,2141.47,10.5588,1555.04
251,970.712,692.259,7.61765,7,543,1694.97,2141.47,10.5588,1620.12
252,738.61,908.446,7.38235,7,543,1694.97,2141.47,10.5588,1560.45
253,795.186,1238.56,5.73529,7,543,1694.97,2141.47,10.5588,1274.72
254,903.181,1145.03,5.02941,7,543,1694.97,2141.47,10.5588,1272.74
255,870.219,1159.85,4.91176,7,543,1694.97,2141.47,10.5588,1282.12
256,928.847,1145.39,5.26471,7,543,1694.97,2141.47,10.5588,1256.65
257,955.1,1103.66,5.73529,7,543,1694.97,2141.47,10.5588,1274.55
258,874.874,1157.37,4.91176,7,543,1694.97,2141.47,10.5588,1281.04
259,874.874,1157.37,4.91176,7,543,1694.97,2141.47,10.5588,1281.04
260,874.874,1157.37,4.91176,7,543,1694.97,2141.47,10.5588,1281.04
261,874.874,1157.37,4.91176,7,543,1694.97,2141.47,10.5588,1281.04
262,874.874,1157.37,4.91176,7,543,1694.97,2141.47,10.5588,1281.04
263,874.874,1157.37,4.91176,7,543,1694.97,2141.47,10.5588,1281.04
264,983.699,1099.85,5.73529,7,543,1694.97,2141.47,10.5588,1261.31
265,929.623,1200.01,4.79412,7,543,1694.97,2141.47,10.5588,1213.32
266,979.572,1167.36,5.73529,7,543,1694.97,2141.47,10.5588,1208.6
267,994.676,1181.31,5.5,7,543,1694.97,2141.47,10.5588,1188.42
268,994.632,1140.44,5.5,7,543,1694.97,2141.47,10.5588,1221.71
269,1134.35,1164.32,4.79412,7,543,1694.97,2141.47,10.5588,1126.57
270,954.082,1242.55,3.73529,7,543,1694.97,2141.47,10.5588,1164.91
271,964.895,1284.35,3.61765,7,543,1694.97,2141.47,10.5588,1125.93
272,1003.49,1189.52,5.14706,7,543,1694.97,2141.47,10.5588,1176.6
273,1035.03,1240.03,4.08824,7,543,1694.97,2141.47,10.5588,1117.21
274,1035.03,1240.03,4.08824,7,543,1694.97,2141.47,10.5588,1117.21
275,1035.03,1240.03,4.08824,7,543,1694.97,2141.47,10.5588,1117.21
276,1035.03,1240.03,4.08824,7,543,1694.97,2141.47,10.5588,1117.21
277,1035.03,1240.03,4.08824,7,543,1694.97,2141.47,10.5588,1117.21
278,1371.91,1123.55,6.67647,7,543,1694.97,2141.47,10.5588,1067.96
279,1371.91,1123.55,6.67647,7,543,1694.97,2141.47,10.5588,1067.96
280,1483.92,1198.44,7.26471,7,543,1694.97,2141.47,10.5588,966.361
281,1477.62,1134.66,6.79412,7,543,1694.97,2141.47,10.5588,1030.01
282,1453.69,1068.76,7.5,7,543,1694.97,2141.47,10.5588,1099.52
283,1514.74,1057.42,7.97059,7,543,1694.97,2141.47,10.5588,1098.93
284,1535.57,1066.66,8.20588,7,543,1694.97,2141.47,10.5588,1086.57
285,920.754,1422.97,3.97059,7,543,1694.97,2141.47,10.5588,1056.27
286,856.246,1424.62,4.55882,7,543,1694.97,2141.47,10.5588,1103.35
287,856.246,1424.62,4.55882,7,543,1694.97,2141.47,10.5588,1103.35
288,822.319,1449.62,4.32353,7,543,1694.97,2141.47,10.5588,1113.65
289,862.047,1296.21,5.14706,7,543,1694.97,2141.47,10.5588,1186.71
290,632.654,1545.55,4.67647,7,543,1694.97,2141.47,10.5588,1218.07
291,814.865,1387.93,3.97059,7,543,1694.97,2141.47,10.5588,1158.65
292,831.458,1464.26,4.55882,7,543,1694.97,2141.47,10.5588,1097.41
293,744.538,1475.12,5.38235,7,543,1694.97,2141.47,10.5588,1160.77
294,768.856,1571.83,4.44118,7,543,1694.97,2141.47,10.5588,1087.3
295,807.415,1531.38,5.02941,7,543,1694.97,2141.47,10.5588,1077.03
296,729.456,1598.97,4.79412,7,543,1694.97,2141.47,10.5588,1107.51
297,729.456,1598.97,4.79412,7,543,1694.97,2141.47,10.5588,1107.51
298,729.456,1598.97,4.79412,7,543,1694.97,2141.47,10.5588,1107.51
299,717.136,1598.79,4.91176,7,543,1694.97,2141.47,10.5588,1118.35
300,704.902,1775.85,3.61765,7,543,1694.97,2141.47,10.5588,1055.45
301,729.935,1696.78,4.79412,7,543,1694.97,2141.47,10.5588,1062.58
302,729.935,1696.78,4.79412,7,543,1694.97,2141.47,10.5588,1062.58
303,700.634,1772.69,3.73529,7,543,1694.97,2141.47,10.5588,1060.55
304,643.281,1688.59,4.44118,7,543,1694.97,2141.47,10.5588,1145.08
305,643.281,1688.59,4.44118,7,543,1694.97,2141.47,10.5588,1145.08
306,648.616,1681.58,4.67647,7,543,1694.97,2141.47,10.5588,1142.98
307,648.616,1681.58,4.67647,7,543,1694.97,2141.47,10.5588,1142.98
308,648.616,1681.58,4.67647,7,543,1694.97,2141.47,10.5588,1142.98
309,648.616,1681.58,4.67647,7,543,1694.97,2141.47,10.5588,1142.98
310,624.263,1778.05,4.20588,7,543,1694.97,2141.47,10.5588,1130.73
311,726.187,1781.14,3.5,7,543,1694.97,2141.47,10.5588,1033.65
312,729.838,1784.4,3.5,7,543,1694.97,2141.47,10.5588,1029.1
313,732.283,1785.76,3.5,7,543,1694.97,2141.47,10.5588,1026.33
314,707.695,1789.07,3.61765,7,543,1694.97,2141.47,10.5588,1048.31
315,657.474,1884.96,3.38235,7,543,1694.97,2141.47,10.5588,1068.76
316,687.594,1875.3,3.38235,7,543,1694.97,2141.47,10.5588,1041.98
317,783.636,1836.44,3.61765,7,543,1694.97,2141.47,10.5588,961.058
318,783.636,1836.44,3.61765,7,543,1694.97,2141.47,10.5588,961.058
319,764.539,1872.95,3.5,7,543,1694.97,2141.47,10.5588,968.435
320,791.16,1907.77,2.91176,7,543,1694.97,2141.47,10.5588,933.571
321,783.636,1836.44,3.61765,7,543,1694.97,2141.47,10.5588,961.058
322,783.636,1836.44,3.61765,7,543,1694.97,2141.47,10.5588,961.058
323,823.938,1832.9,2.91176,7,543,1694.97,2141.47,10.5588,924.109
324,716.669,1888.89,3.26471,7,543,1694.97,2141.47,10.5588,1010.41
325,722.308,1984.9,2.44118,7,543,1694.97,2141.47,10.5588,985.222
326,722.308,1984.9,2.44118,7,543,1694.97,2141.47,10.5588,985.222
327,722.308,1984.9,2.44118,7,543,1694.97,2141.47,10.5588,985.222
328,722.308,1984.9,2.44118,7,543,1694.97,2141.47,10.5588,985.222
329,722.308,1984.9,2.44118,7,543,1694.97,2141.47,10.5588,985.222
330,722.308,1984.9,2.44118,7,543,1694.97,2141.47,10.5588,985.222
331,697.627,1980.12,2.44118,7,543,1694.97,2141.47,10.5588,1010.35
332,658.289,1958.75,2.67647,7,543,1694.97,2141.47,10.5588,1052.7
333,659.989,2013.38,2.79412,7,543,1694.97,2141.47,10.5588,1042.91
334,684.105,2124.49,1.73529,7,543,1694.97,2141.47,10.5588,1011.05
335,583.175,1999.01,2.55882,7,543,1694.97,2141.47,10.5588,1120.92
336,646.053,2055.28,2.44118,7,543,1694.97,2141.47,10.5588,1052.49
337,570.831,2022.54,2.67647,7,543,1694.97,2141.47,10.5588,1130.45
338,569.642,2012.11,2.67647,7,543,1694.97,2141.47,10.5588,1132.77
339,684.679,2083.51,2.44118,7,543,1694.97,2141.47,10.5588,1011.99
340,670.945,2111.01,1.85294,7,543,1694.97,2141.47,10.5588,1024.52
341,586.612,2164.22,2.20588,7,543,1694.97,2141.47,10.5588,1108.63
342,543.199,2067.13,3.26471,7,543,1694.97,2141.47,10.5588,1154.2
343,542.998,2081.53,3.14706,7,543,1694.97,2141.47,10.5588,1153.56
344,580.073,2220.51,1.61765,7,543,1694.97,2141.47,10.5588,1117.74
345,481.889,2140.82,3.14706,7,543,1694.97,2141.47,10.5588,1213.11
346,481.889,2140.82,3.14706,7,543,1694.97,2141.47,10.5588,1213.11
347,465.997,2080.45,3.26471,7,543,1694.97,2141.47,10.5588,1230.51
348,466.199,2066.05,3.14706,7,543,1694.97,2141.47,10.5588,1231.11
349,466.199,2066.05,3.14706,7,543,1694.97,2141.47,10.5588,1231.11
350,466.199,2066.05,3.14706,7,543,1694.97,2141.47,10.5588,1231.11
351,439.942,2107.77,3.14706,7,543,1694.97,2141.47,10.5588,1255.51
352,439.942,2107.77,3.14706,7,543,1694.97,2141.47,10.5588,1255.51
353,161.305,1840.23,4.08824,7,543,1694.97,2141.47,10.5588,1562.99
354,238.242,1926.27,4.55882,7,543,1694.97,2141.47,10.5588,1472.55
355,171.543,2061.92,2.55882,7,543,1694.97,2141.47,10.5588,1525.53
356,279.675,1959.31,4.79412,7,543,1694.97,2141.47,10.5588,1426.99
357,279.675,1959.31,4.79412,7,543,1694.97,2141.47,10.5588,1426.99
358,363.143,2092.3,4.08824,7,543,1694.97,2141.47,10.5588,1332.75
359,315.335,2059.84,5.14706,7,543,1694.97,2141.47,10.5588,1382.06
360,474.736,1456.94,3.85294,7,543,1694.97,2141.47,10.5588,1399.15
361,377.21,1587.05,3.97059,7,543,1694.97,2141.47,10.5588,1429.66
362,374.535,1675.3,4.08824,7,543,1694.97,2141.47,10.5588,1400.33
363,371.346,1690.32,4.08824,7,543,1694.97,2141.47,10.5588,1398.42
364,268.675,1784.47,4.08824,7,543,1694.97,2141.47,10.5588,1470.31
365,265.518,1782.66,4.08824,7,543,1694.97,2141.47,10.5588,1473.82
366,299.751,1809.17,4.08824,7,543,1694.97,2141.47,10.5588,1434.27
367,356.361,1572.69,3.5,7,543,1694.97,2141.47,10.5588,1454.46
368,474.736,1456.94,3.85294,7,543,1694.97,2141.47,10.5588,1399.15
369,458.238,1520.4,4.32353,7,543,1694.97,2141.47,10.5588,1383.94
370,458.238,1520.4,4.32353,7,543,1694.97,2141.47,10.5588,1383.94
371,449.225,1613.98,4.32353,7,543,1694.97,2141.47,10.5588,1352.84
372,449.225,1613.98,4.32353,7,543,1694.97,2141.47,10.5588,1352.84
373,479.235,1707.34,4.67647,7,543,1694.97,2141.47,10.5588,1290.94
374,479.235,1707.34,4.67647,7,543,1694.97,2141.47,10.5588,1290.94
375,479.235,1707.34,4.67647,7,543,1694.97,2141.47,10.5588,1290.94
376,412.774,1709.07,4.20588,7,543,1694.97,2141.47,10.5588,1353.16
377,509.126,1692.03,4.32353,7,543,1694.97,2141.47,10.5588,1268.18
378,461.262,1517.12,4.32353,7,543,1694.97,2141.47,10.5588,1382.72
379,640.443,1436.66,5.14706,7,543,1694.97,2141.47,10.5588,1268.39
380,484.542,1475.24,3.97059,7,543,1694.97,2141.47,10.5588,1381.69
381,517.062,1506.71,4.32353,7,543,1694.97,2141.47,10.5588,1338.07
382,522.528,1380.51,4.91176,7,543,1694.97,2141.47,10.5588,1397.76
383,575.015,1899.76,4.44118,7,543,1694.97,2141.47,10.5588,1145.76
384,575.015,1899.76,4.44118,7,543,1694.97,2141.47,10.5588,1145.76
385,606.436,1870.51,4.08824,7,543,1694.97,2141.47,10.5588,1121.77
386,419.524,2011.34,3.38235,7,543,1694.97,2141.47,10.5588,1282.09
387,336.194,1802.59,4.20588,7,543,1694.97,2141.47,10.5588,1400.42
388,137.656,2025.33,2.79412,7,543,1694.97,2141.47,10.5588,1561.66
389,129.665,2111.84,2.20588,7,543,1694.97,2141.47,10.5588,1565.61
390,198.656,2156.79,3.5,7,543,1694.97,2141.47,10.5588,1496.41
391,240.681,2257.51,2.44118,7,543,1694.97,2141.47,10.5588,1458.94
392,106.921,2312.9,1.61765,7,543,1694.97,2141.47,10.5588,1597.31
393,915.828,1922.03,3.38235,7,543,1694.97,2141.47,10.5588,809.491
394,915.828,1922.03,3.38235,7,543,1694.97,2141.47,10.5588,809.491
395,931.5,2078.99,4.79412,7,543,1694.97,2141.47,10.5588,766.049
396,992.589,1896.08,3.85294,7,543,1694.97,2141.47,10.5588,744.05
397,958.657,1899.37,3.85294,7,543,1694.97,2141.47,10.5588,775.128
398,1023.6,1896.29,4.08824,7,543,1694.97,2141.47,10.5588,714.776
399,1049.39,1894.65,4.32353,7,543,1694.97,2141.47,10.5588,691.181
400,931.886,1977.97,4.44118,7,543,1694.97,2141.47,10.5588,780.432
401,896.23,2009.04,3.73529,7,543,1694.97,2141.47,10.5588,809.678
402,896.23,2009.04,3.73529,7,543,1694.97,2141.47,10.5588,809.678
403,896.23,2009.04,3.73529,7,543,1694.97,2141.47,10.5588,809.678
404,1037.23,2096.2,4.67647,7,543,1694.97,2141.47,10.5588,659.325
405,1037.23,2096.2,4.67647,7,543,1694.97,2141.47,10.5588,659.325
406,1052.05,2049.88,4.20588,7,543,1694.97,2141.47,10.5588,649.446
407,1044.51,2038.7,4.55882,7,543,1694.97,2141.47,10.5588,658.565
408,1066.87,2018.41,4.44118,7,543,1694.97,2141.47,10.5588,640.079
409,885.202,2078.01,4.32353,7,543,1694.97,2141.47,10.5588,812.28
410,885.202,2078.01,4.32353,7,543,1694.97,2141.47,10.5588,812.28
411,962.02,2239.03,4.32353,7,543,1694.97,2141.47,10.5588,739.446
412,917.695,2162.98,4.55882,7,543,1694.97,2141.47,10.5588,777.6
413,970.842,2195.62,4.32353,7,543,1694.97,2141.47,10.5588,726.182
414,1008.76,2157.27,4.91176,7,543,1694.97,2141.47,10.5588,686.424
415,844.569,2053.74,4.08824,7,543,1694.97,2141.47,10.5588,854.944
416,1338.49,1281.49,5.26471,7,543,1694.97,2141.47,10.5588,930.958
417,1486.13,1576.86,8.67647,7,543,1694.97,2141.47,10.5588,601.997
418,1508.84,1575.74,8.55882,7,543,1694.97,2141.47,10.5588,595.568
419,1547.04,1708.31,9.02941,7,543,1694.97,2141.47,10.5588,457.729
420,1524.95,1665.36,9.38235,7,543,1694.97,2141.47,10.5588,505.566
421,1617.06,1723.69,9.97059,7,543,1694.97,2141.47,10.5588,424.989
422,938.297,1695.71,3.14706,7,543,1694.97,2141.47,10.5588,878.247
423,871.799,1722.14,2.91176,7,543,1694.97,2141.47,10.5588,923.859
424,834.832,1736.8,2.79412,7,543,1694.97,2141.47,10.5588,950.613
425,841.261,1805.79,2.79412,7,543,1694.97,2141.47,10.5588,917.373
426,949.547,1875.2,3.97059,7,543,1694.97,2141.47,10.5588,791.583
427,949.547,1875.2,3.97059,7,543,1694.97,2141.47,10.5588,791.583
428,1000.06,1883,3.85294,7,543,1694.97,2141.47,10.5588,741.455
429,1000.06,1883,3.85294,7,543,1694.97,2141.47,10.5588,741.455
430,1061.65,1884.97,4.55882,7,543,1694.97,2141.47,10.5588,683.326
431,1184.02,1887.23,6.20588,7,543,1694.97,2141.47,10.5588,570.732
432,1184.02,1887.23,6.20588,7,543,1694.97,2141.47,10.5588,570.732
433,1193.94,1985.62,6.79412,7,543,1694.97,2141.47,10.5588,524.73
434,1174.59,2099.11,5.73529,7,543,1694.97,2141.47,10.5588,522.13
435,1161.16,2141.79,5.73529,7,543,1694.97,2141.47,10.5588,533.841
436,1125.95,2221.28,4.67647,7,543,1694.97,2141.47,10.5588,574.621
437,1088.43,2283.45,5.02941,7,543,1694.97,2141.47,10.5588,622.969
438,1412.15,1551.35,7.61765,7,543,1694.97,2141.47,10.5588,654.402
439,1383.6,1404.18,6.44118,7,543,1694.97,2141.47,10.5588,800.352
440,1465.74,1662.54,9.02941,7,543,1694.97,2141.47,10.5588,530.972
441,1440.12,1695.19,9.02941,7,543,1694.97,2141.47,10.5588,513.926
442,1437.95,1637.78,9.14706,7,543,1694.97,2141.47,10.5588,565.483
443,1182.12,1713.96,5.5,7,543,1694.97,2141.47,10.5588,667.687
444,1387.15,1790.04,8.08824,7,543,1694.97,2141.47,10.5588,467.188
445,1120.24,1197.13,4.44118,7,543,1694.97,2141.47,10.5588,1105.5
446,1096.58,1229.26,4.20588,7,543,1694.97,2141.47,10.5588,1090.98
447,1038.2,1336.66,3.73529,7,543,1694.97,2141.47,10.5588,1038.81
448,982.51,1390.49,3.97059,7,543,1694.97,2141.47,10.5588,1035.19
449,920.805,1448.67,4.20588,7,543,1694.97,2141.47,10.5588,1038.92
450,924.273,1509.09,3.97059,7,543,1694.97,2141.47,10.5588,996.962
451,1098.73,1281.24,3.97059,7,543,1694.97,2141.47,10.5588,1046.68
452,982.533,1080.45,5.85294,7,543,1694.97,2141.47,10.5588,1278.03
453,980.367,1051.73,5.85294,7,543,1694.97,2141.47,10.5588,1303.16
454,1153.28,699.021,7.85294,7,543,1694.97,2141.47,10.5588,1540.81
455,1093.54,668.611,7.61765,7,543,1694.97,2141.47,10.5588,1590.93
456,1210.82,644.662,8.44118,7,543,1694.97,2141.47,10.5588,1573.16
457,1210.82,644.662,8.44118,7,543,1694.97,2141.47,10.5588,1573.16
458,1210.82,644.662,8.44118,7,543,1694.97,2141.47,10.5588,1573.16
459,1138.64,585.832,8.44118,7,543,1694.97,2141.47,10.5588,1652.13
460,1077.1,573.451,7.97059,7,543,1694.97,2141.47,10.5588,1685.37
461,1111.01,571.932,8.20588,7,543,1694.97,2141.47,10.5588,1674.66
462,1065.24,614.27,8.08824,7,543,1694.97,2141.47,10.5588,1651.94
463,1059.96,624.941,8.08824,7,543,1694.97,2141.47,10.5588,1644.12
464,1064.69,631.875,7.97059,7,543,1694.97,2141.47,10.5588,1635.89
465,1023.62,579.793,7.85294,7,543,1694.97,2141.47,10.5588,1699.87
466,1019.62,587.269,7.97059,7,543,1694.97,2141.47,10.5588,1694.6
467,1206.48,543.912,9.14706,7,543,1694.97,2141.47,10.5588,1670.58
468,1206.48,543.912,9.14706,7,543,1694.97,2141.47,10.5588,1670.58
469,853.862,2292.35,3.5,7,543,1694.97,2141.47,10.5588,854.568
470,846.589,2298.45,3.38235,7,543,1694.97,2141.47,10.5588,862.818
471,693.355,2292.65,2.20588,7,543,1694.97,2141.47,10.5588,1013
472,642.699,2214.18,1.5,7,543,1694.97,2141.47,10.5588,1054.82
473,631.168,2296.99,1.97059,7,543,1694.97,2141.47,10.5588,1075.15
474,663.213,2377.19,2.44118,7,543,1694.97,2141.47,10.5588,1058.38
475,729.567,2390.75,3.26471,7,543,1694.97,2141.47,10.5588,997.099
476,734.773,2297.55,2.55882,7,543,1694.97,2141.47,10.5588,972.838
477,734.773,2297.55,2.55882,7,543,1694.97,2141.47,10.5588,972.838
478,626.929,2276.99,1.85294,7,543,1694.97,2141.47,10.5588,1076.64
479,611,2387.87,2.32353,7,543,1694.97,2141.47,10.5588,1111.66
480,627.744,2365.51,2.20588,7,543,1694.97,2141.47,10.5588,1090.53
481,627.744,2365.51,2.20588,7,543,1694.97,2141.47,10.5588,1090.53
482,401.067,2273.16,1.85294,7,543,1694.97,2141.47,10.5588,1300.62
483,437.642,2271.9,1.73529,7,543,1694.97,2141.47,10.5588,1264.11
484,905.226,1710.87,2.91176,7,543,1694.97,2141.47,10.5588,899.545
485,816.113,1548.23,4.79412,7,543,1694.97,2141.47,10.5588,1060.36
486,860.378,1554.94,4.67647,7,543,1694.97,2141.47,10.5588,1020.1
487,885.454,1656.2,3.38235,7,543,1694.97,2141.47,10.5588,943.855
488,871.03,1637.61,3.38235,7,543,1694.97,2141.47,10.5588,965.821
489,871.03,1637.61,3.38235,7,543,1694.97,2141.47,10.5588,965.821
490,887.267,1614.69,3.97059,7,543,1694.97,2141.47,10.5588,964.332
491,885.454,1656.2,3.38235,7,543,1694.97,2141.47,10.5588,943.855
492,833.459,1673.53,3.26471,7,543,1694.97,2141.47,10.5588,980.425
493,871.03,1637.61,3.38235,7,543,1694.97,2141.47,10.5588,965.821
494,833.459,1673.53,3.26471,7,543,1694.97,2141.47,10.5588,980.425
495,702.849,1423.8,4.67647,7,543,1694.97,2141.47,10.5588,1224.5
496,871.932,2344,3.5,7,543,1694.97,2141.47,10.5588,847.625
497,872.648,2344.23,3.5,7,543,1694.97,2141.47,10.5588,846.986
498,939.235,2296.98,3.85294,7,543,1694.97,2141.47,10.5588,771.603
499,1185.84,764.498,6.79412,7,543,1694.97,2141.47,10.5588,1468.09
500,1248.6,638.101,8.55882,7,543,1694.97,2141.47,10.5588,1568.24
501,1226.23,504.865,9.26471,7,543,1694.97,2141.47,10.5588,1702.41
502,1196.75,505.45,9.26471,7,543,1694.97,2141.47,10.5588,1710.2
503,1086.77,498.706,8.55882,7,543,1694.97,2141.47,10.5588,1751.74
504,1121.23,480.025,8.91176,7,543,1694.97,2141.47,10.5588,1757.72
505,1081.93,499.968,8.44118,7,543,1694.97,2141.47,10.5588,1752.24
506,1250.45,410.052,8.91176,7,543,1694.97,2141.47,10.5588,1787.57
507,1192.7,361.947,9.26471,7,543,1694.97,2141.47,10.5588,1849.05
508,1431.72,494.996,8.91176,7,543,1694.97,2141.47,10.5588,1667.39
509,1432.84,583.738,7.85294,7,543,1694.97,2141.47,10.5588,1579.64
510,1311.23,307.443,10.0882,7,543,1694.97,2141.47,10.5588,1873.75
511,1209.16,1807.05,6.91176,7,543,1694.97,2141.47,10.5588,589.797
512,1203.55,1819.49,6.79412,7,543,1694.97,2141.47,10.5588,587.524
513,1203.39,1816.5,6.79412,7,543,1694.97,2141.47,10.5588,589.306
514,1203.23,1812.73,6.79412,7,543,1694.97,2141.47,10.5588,591.52
515,1362.2,1996.28,7.61765,7,543,1694.97,2141.47,10.5588,363.087
516,1274.86,2021.75,7.14706,7,543,1694.97,2141.47,10.5588,436.849
517,1267.31,1974.46,7.5,7,543,1694.97,2141.47,10.5588,459.129
518,1249.75,1952.62,7.5,7,543,1694.97,2141.47,10.5588,483.636
519,1202.99,2124.1,6.08824,7,543,1694.97,2141.47,10.5588,492.31
520,1223.31,2309.03,5.97059,7,543,1694.97,2141.47,10.5588,500.567
521,1119.42,2277.45,4.55882,7,543,1694.97,2141.47,10.5588,591.433
522,1554.38,2102.86,9.14706,7,543,1694.97,2141.47,10.5588,145.811
523,1532.95,2166.59,9.02941,7,543,1694.97,2141.47,10.5588,163.967
524,1543.49,2235.63,8.44118,7,543,1694.97,2141.47,10.5588,178.378
525,1405.04,2215.2,7.26471,7,543,1694.97,2141.47,10.5588,299.18
526,1431.27,585.71,7.85294,7,543,1694.97,2141.47,10.5588,1577.95
527,1189.78,1548.28,4.32353,7,543,1694.97,2141.47,10.5588,779.191
528,1065.49,1624.49,2.91176,7,543,1694.97,2141.47,10.5588,814.601
529,1064.02,1626.69,2.91176,7,543,1694.97,2141.47,10.5588,814.347
530,1132.33,1544.12,3.85294,7,543,1694.97,2141.47,10.5588,820.633
531,1135.7,1538.63,3.85294,7,543,1694.97,2141.47,10.5588,822.348
532,1228.76,1506.81,4.91176,7,543,1694.97,2141.47,10.5588,787.517
533,1170.76,1505.78,4.32353,7,543,1694.97,2141.47,10.5588,823.983
534,1149.95,1510.47,4.08824,7,543,1694.97,2141.47,10.5588,833.818
535,1279.23,1282.32,4.44118,7,543,1694.97,2141.47,10.5588,954.473
536,1213.64,1309.98,3.61765,7,543,1694.97,2141.47,10.5588,960.782
537,1525.68,1915.04,9.26471,7,543,1694.97,2141.47,10.5588,282.729
538,1532.52,1976.72,9.26471,7,543,1694.97,2141.47,10.5588,231.38
539,1626.84,1803.13,9.61765,7,543,1694.97,2141.47,10.5588,345.132
540,1653.46,1845.82,10.0882,7,543,1694.97,2141.47,10.5588,298.555
541,1715.96,2098.69,11.5,7,543,1694.97,2141.47,10.5588,47.6625
542,1824.26,2241.32,10.9118,7,543,1694.97,2141.47,10.5588,163.352
