0,1,0,-53.0772,-95.5,39.0781
1,1,0,-66.9553,-103,88.6335
2,1,0,-74.7587,-103,140.47
3,1,0,-79.4452,-99,185.22
4,1,0,-80.073,-98,192.21
5,1,0,-80.0764,-100.5,192.249
6,1,0,-80.9894,-109,202.891
7,1,0,-82.1641,-97,217.454
8,1,0,-90.4117,-95,353.784
9,1,0,-121.729,-93.5,555.784
10,1,0,-123.795,-103,628.697
11,1,0,-126.084,-98.5,721.547
12,1,0,-128.071,-96,729.122
13,1,0,-127.829,-112,714.353
14,1,0,-123.91,-117,644.775
15,1,0,-158.598,-105,865.422
16,1,0,-133.341,-110,995.171
17,1,0,-134.076,-108,1039.05
18,1,0,-134.796,-114,1086.2
19,1,0,-135.176,-115,1111.24
20,1,0,-136.975,-111,1231.75
21,1,0,-137.273,-115,1252.38
22,1,0,-137.33,-112,1256.32
23,1,0,-163.082,-115,1282.04
24,1,0,-187.683,-112,1293.97
25,1,0,-164.189,-107,1287.64
26,1,0,-139.953,-108,1287.02
27,1,0,-133.473,-104,1284.11
28,1,0,-134.461,-94,1258.23
29,1,0,-134.638,-97.5,1195.37
30,1,0,-133.689,-102,1132.37
31,1,0,-136.277,-106,1108.14
32,1,0,-153.808,-116,1080.1
33,1,0,-128.586,-104,936.736
34,1,0,-106.772,-110,929.018
35,1,0,-135.443,-110,928.102
36,1,0,-152.375,-108,930.397
37,1,0,-136.644,-109,893.32
38,1,0,-134.517,-109.5,785.896
39,1,0,-126.878,-110,731.636
40,1,0,-102.255,-107,711.613
41,1,0,-101.969,-111,699.737
42,1,0,-128.17,-115,725.116
43,1,0,-128.424,-110,741.888
44,1,0,-129.359,-114,796.398
45,1,0,-129.65,-112,812.486
46,1,0,-129.742,-112,1014.41
47,1,0,-136.291,-113,1173.45
48,1,0,-132.257,-110,1266.53
49,1,0,-202.499,-113,1449.46
50,1,0,-151.472,-111,1521.02
51,1,0,-150.889,-111,1578.55
52,1,0,-145.037,-111.33,1576.33
53,1,0,-142.078,-110,1580.21
54,1,0,-135.103,-111,1584.1
55,1,0,-137.404,-109,1575.62
56,1,0,-135.765,-108,1599.34
57,1,0,-140.547,-104,1601.81
58,1,0,-141.379,-109,1599.16
59,1,0,-141.377,-109,1598.9
60,1,0,-141.379,-110,1598.87
61,1,0,-141.39,-109.67,1598.21
62,1,0,-136.653,-111,1545.71
63,1,0,-145.693,-107,1511.53
64,1,0,-144.346,-109,1511.05
65,1,0,-143.576,-112,1506.83
66,1,0,-169.694,-112,1481.83
67,1,0,-140.229,-110,1486.61
68,1,0,-137.947,-106,1485
69,1,0,-137.831,-110,1479.83
70,1,0,-138.537,-109,1488.26
71,1,0,-138.366,-107.5,1490.22
72,1,0,-142.398,-110,1505.37
73,1,0,-114.943,-115,1504.61
74,1,0,-114.935,-111,1503.92
75,1,0,-114.814,-110,1493.22
76,1,0,-114.033,-108.5,1425.92
77,1,0,-132.823,-108,1395.43
78,1,0,-135.108,-110,1373.18
79,1,0,-133.306,-105,1499.06
80,1,0,-114.923,-107,1502.79
81,1,0,-116.843,-108.5,1683.09
82,1,0,-117.631,-109,1763.23
83,1,0,-117.191,-108.33,1718.05
84,1,0,-138.109,-111,1682.43
85,1,0,-116.97,-111,1695.74
86,1,0,-116.692,-107.5,1668.19
87,1,0,-138.148,-111.5,1450.48
88,1,0,-142.561,-112,1401.92
89,1,0,-116.41,-112,1640.61
90,1,0,-116.426,-107.41,1642.23
91,1,0,-116.994,-99,1698.19
92,1,0,-138.801,-98.5,1708.98
93,1,0,-140.811,-99,1750.73
94,1,0,-141.698,-98,1807.95
95,1,0,-141.638,-98.5,1808.48
96,1,0,-141.921,-96,1810.95
97,1,0,-119.207,-99,1935.03
98,1,0,-119.487,-95,1967.28
99,1,0,-138.338,-99,1960
100,1,0,-119.297,-101,1945.42
101,1,0,-118.624,-100,1869.67
102,1,0,-117.208,-106,1719.78
103,1,0,-135.127,-104,1574.12
104,1,0,-114.64,-104,1477.97
105,1,0,-113.779,-102,1404.74
106,1,0,-113.81,-101.5,1407.26
107,1,0,-100.487,-102,641.119
108,1,0,-99.1766,-102,593.421
109,1,0,-97.9995,-102,553.6
110,1,0,-95.5089,-105,477.934
111,1,0,-94.0667,-104,438.941
112,1,0,-95.7975,-95.5,486.141
113,1,0,-96.4312,-101,504.665
114,1,0,-98.4005,-94,566.855
115,1,0,-152.045,-88,658.459
116,1,0,-122.318,-100,579.045
117,1,0,-143.46,-93,556.293
118,1,0,-97.6162,-83,541.217
119,1,0,-97.8351,-83.6,548.255
120,1,0,-122.727,-77.67,567.887
121,1,0,-124.501,-81,592.415
122,1,0,-119.636,-77,650.596
123,1,0,-129.617,-77.5,811.109
124,1,0,-125.049,-82.5,676.139
125,1,0,-96.9199,-86,519.43
126,1,0,-94.6598,-85,454.577
127,1,0,-93.1151,-78,414.973
128,1,0,-91.163,-78,369.82
129,1,0,-87.2567,-76,293.684
130,1,0,-83.6338,-77,237.155
131,1,0,-81.6208,-77,210.593
132,1,0,-67.3659,-76,90.8077
133,1,0,-53.3446,-76.5,39.6995
134,1,0,-46.8919,-79,27.128
135,1,0,-48.2932,-79.33,29.4666
136,1,0,-47.1747,-80.29,27.5844
137,1,0,-43.4368,-77.8,22.1243
138,1,0,-40.4037,-61,18.4985
139,1,0,-39.7479,-59,17.7963
140,1,0,-41.0702,-50,19.2405
141,1,0,-46.5724,-51,26.6213
142,1,0,-52.7673,-50.5,38.3699
143,1,0,-55.3623,-51,44.7192
144,1,0,-56.1052,-52,46.7234
145,1,0,-55.1972,-52,44.2856
146,1,0,-54.5677,-52,42.6708
0,1,0,-53.0772,-95.5,39.0781
1,1,0,-66.9553,-103,88.6335
2,1,0,-74.7587,-103,140.47
3,1,0,-79.4452,-99,185.22
4,1,0,-80.073,-98,192.21
5,1,0,-80.0764,-100.5,192.249
6,1,0,-80.9894,-109,202.891
7,1,0,-82.1641,-97,217.454
8,1,0,-90.4117,-95,353.784
9,1,0,-121.729,-93.5,555.784
10,1,0,-123.795,-103,628.697
11,1,0,-126.084,-98.5,721.547
12,1,0,-128.071,-96,729.122
13,1,0,-127.829,-112,714.353
14,1,0,-123.91,-117,644.775
15,1,0,-158.598,-105,865.422
16,1,0,-133.341,-110,995.171
17,1,0,-134.076,-108,1039.05
18,1,0,-134.796,-114,1086.2
19,1,0,-135.176,-115,1111.24
20,1,0,-136.975,-111,1231.75
21,1,0,-137.273,-115,1252.38
22,1,0,-137.33,-112,1256.32
23,1,0,-163.082,-115,1282.04
24,1,0,-187.683,-112,1293.97
25,1,0,-164.189,-107,1287.64
26,1,0,-139.953,-108,1287.02
27,1,0,-133.473,-104,1284.11
28,1,0,-134.461,-94,1258.23
29,1,0,-134.638,-97.5,1195.37
30,1,0,-133.689,-102,1132.37
31,1,0,-136.277,-106,1108.14
32,1,0,-153.808,-116,1080.1
33,1,0,-128.586,-104,936.736
34,1,0,-106.772,-110,929.018
35,1,0,-135.443,-110,928.102
36,1,0,-152.375,-108,930.397
37,1,0,-136.644,-109,893.32
38,1,0,-134.517,-109.5,785.896
39,1,0,-126.878,-110,731.636
40,1,0,-102.255,-107,711.613
41,1,0,-101.969,-111,699.737
42,1,0,-128.17,-115,725.116
43,1,0,-128.424,-110,741.888
44,1,0,-129.359,-114,796.398
45,1,0,-129.65,-112,812.486
46,1,0,-129.742,-112,1014.41
47,1,0,-136.291,-113,1173.45
48,1,0,-132.257,-110,1266.53
49,1,0,-202.499,-113,1449.46
50,1,0,-151.472,-111,1521.02
51,1,0,-150.889,-111,1578.55
52,1,0,-145.037,-111.33,1576.33
53,1,0,-142.078,-110,1580.21
54,1,0,-135.103,-111,1584.1
55,1,0,-137.404,-109,1575.62
56,1,0,-135.765,-108,1599.34
57,1,0,-140.547,-104,1601.81
58,1,0,-141.379,-109,1599.16
59,1,0,-141.377,-109,1598.9
60,1,0,-141.379,-110,1598.87
61,1,0,-141.39,-109.67,1598.21
62,1,0,-136.653,-111,1545.71
63,1,0,-145.693,-107,1511.53
64,1,0,-144.346,-109,1511.05
65,1,0,-143.576,-112,1506.83
66,1,0,-169.694,-112,1481.83
67,1,0,-140.229,-110,1486.61
68,1,0,-137.947,-106,1485
69,1,0,-137.831,-110,1479.83
70,1,0,-138.537,-109,1488.26
71,1,0,-138.366,-107.5,1490.22
72,1,0,-142.398,-110,1505.37
73,1,0,-114.943,-115,1504.61
74,1,0,-114.935,-111,1503.92
75,1,0,-114.814,-110,1493.22
76,1,0,-114.033,-108.5,1425.92
77,1,0,-132.823,-108,1395.43
78,1,0,-135.108,-110,1373.18
79,1,0,-133.306,-105,1499.06
80,1,0,-114.923,-107,1502.79
81,1,0,-116.843,-108.5,1683.09
82,1,0,-117.631,-109,1763.23
83,1,0,-117.191,-108.33,1718.05
84,1,0,-138.109,-111,1682.43
85,1,0,-116.97,-111,1695.74
86,1,0,-116.692,-107.5,1668.19
87,1,0,-138.148,-111.5,1450.48
88,1,0,-142.561,-112,1401.92
89,1,0,-116.41,-112,1640.61
90,1,0,-116.426,-107.41,1642.23
91,1,0,-116.994,-99,1698.19
92,1,0,-138.801,-98.5,1708.98
93,1,0,-140.811,-99,1750.73
94,1,0,-141.698,-98,1807.95
95,1,0,-141.638,-98.5,1808.48
96,1,0,-141.921,-96,1810.95
97,1,0,-119.207,-99,1935.03
98,1,0,-119.487,-95,1967.28
99,1,0,-138.338,-99,1960
100,1,0,-119.297,-101,1945.42
101,1,0,-118.624,-100,1869.67
102,1,0,-117.208,-106,1719.78
103,1,0,-135.127,-104,1574.12
104,1,0,-114.64,-104,1477.97
105,1,0,-113.779,-102,1404.74
106,1,0,-113.81,-101.5,1407.26
107,1,0,-100.487,-102,641.119
108,1,0,-99.1766,-102,593.421
109,1,0,-97.9995,-102,553.6
110,1,0,-95.5089,-105,477.934
111,1,0,-94.0667,-104,438.941
112,1,0,-95.7975,-95.5,486.141
113,1,0,-96.4312,-101,504.665
114,1,0,-98.4005,-94,566.855
115,1,0,-152.045,-88,658.459
116,1,0,-122.318,-100,579.045
117,1,0,-143.46,-93,556.293
118,1,0,-97.6162,-83,541.217
119,1,0,-97.8351,-83.6,548.255
120,1,0,-122.727,-77.67,567.887
121,1,0,-124.501,-81,592.415
122,1,0,-119.636,-77,650.596
123,1,0,-129.617,-77.5,811.109
124,1,0,-125.049,-82.5,676.139
125,1,0,-96.9199,-86,519.43
126,1,0,-94.6598,-85,454.577
127,1,0,-93.1151,-78,414.973
128,1,0,-91.163,-78,369.82
129,1,0,-87.2567,-76,293.684
130,1,0,-83.6338,-77,237.155
131,1,0,-81.6208,-77,210.593
132,1,0,-67.3659,-76,90.8077
133,1,0,-53.3446,-76.5,39.6995
134,1,0,-46.8919,-79,27.128
135,1,0,-48.2932,-79.33,29.4666
136,1,0,-47.1747,-80.29,27.5844
137,1,0,-43.4368,-77.8,22.1243
138,1,0,-40.4037,-61,18.4985
139,1,0,-39.7479,-59,17.7963
140,1,0,-41.0702,-50,19.2405
141,1,0,-46.5724,-51,26.6213
142,1,0,-52.7673,-50.5,38.3699
143,1,0,-55.3623,-51,44.7192
144,1,0,-56.1052,-52,46.7234
145,1,0,-55.1972,-52,44.2856
146,1,0,-54.5677,-52,42.6708
0,1,0,-53.0772,-95.5,39.0781
1,1,0,-66.9553,-103,88.6335
2,1,0,-74.7587,-103,140.47
3,1,0,-79.4452,-99,185.22
4,1,0,-80.073,-98,192.21
5,1,0,-80.0764,-100.5,192.249
6,1,0,-80.9894,-109,202.891
7,1,0,-82.1641,-97,217.454
8,1,0,-90.4117,-95,353.784
9,1,0,-121.729,-93.5,555.784
10,1,0,-123.795,-103,628.697
11,1,0,-126.084,-98.5,721.547
12,1,0,-128.071,-96,729.122
13,1,0,-127.829,-112,714.353
14,1,0,-123.91,-117,644.775
15,1,0,-158.598,-105,865.422
16,1,0,-133.341,-110,995.171
17,1,0,-134.076,-108,1039.05
18,1,0,-134.796,-114,1086.2
19,1,0,-135.176,-115,1111.24
20,1,0,-136.975,-111,1231.75
21,1,0,-137.273,-115,1252.38
22,1,0,-137.33,-112,1256.32
23,1,0,-163.082,-115,1282.04
24,1,0,-187.683,-112,1293.97
25,1,0,-164.189,-107,1287.64
26,1,0,-139.953,-108,1287.02
27,1,0,-133.473,-104,1284.11
28,1,0,-134.461,-94,1258.23
29,1,0,-134.638,-97.5,1195.37
30,1,0,-133.689,-102,1132.37
31,1,0,-136.277,-106,1108.14
32,1,0,-153.808,-116,1080.1
33,1,0,-128.586,-104,936.736
34,1,0,-106.772,-110,929.018
35,1,0,-135.443,-110,928.102
36,1,0,-152.375,-108,930.397
37,1,0,-136.644,-109,893.32
38,1,0,-134.517,-109.5,785.896
39,1,0,-126.878,-110,731.636
40,1,0,-102.255,-107,711.613
41,1,0,-101.969,-111,699.737
42,1,0,-128.17,-115,725.116
43,1,0,-128.424,-110,741.888
44,1,0,-129.359,-114,796.398
45,1,0,-129.65,-112,812.486
46,1,0,-129.742,-112,1014.41
47,1,0,-136.291,-113,1173.45
48,1,0,-132.257,-110,1266.53
49,1,0,-202.499,-113,1449.46
50,1,0,-151.472,-111,1521.02
51,1,0,-150.889,-111,1578.55
52,1,0,-145.037,-111.33,1576.33
53,1,0,-142.078,-110,1580.21
54,1,0,-135.103,-111,1584.1
55,1,0,-137.404,-109,1575.62
56,1,0,-135.765,-108,1599.34
57,1,0,-140.547,-104,1601.81
58,1,0,-141.379,-109,1599.16
59,1,0,-141.377,-109,1598.9
60,1,0,-141.379,-110,1598.87
61,1,0,-141.39,-109.67,1598.21
62,1,0,-136.653,-111,1545.71
63,1,0,-145.693,-107,1511.53
64,1,0,-144.346,-109,1511.05
65,1,0,-143.576,-112,1506.83
66,1,0,-169.694,-112,1481.83
67,1,0,-140.229,-110,1486.61
68,1,0,-137.947,-106,1485
69,1,0,-137.831,-110,1479.83
70,1,0,-138.537,-109,1488.26
71,1,0,-138.366,-107.5,1490.22
72,1,0,-142.398,-110,1505.37
73,1,0,-114.943,-115,1504.61
74,1,0,-114.935,-111,1503.92
75,1,0,-114.814,-110,1493.22
76,1,0,-114.033,-108.5,1425.92
77,1,0,-132.823,-108,1395.43
78,1,0,-135.108,-110,1373.18
79,1,0,-133.306,-105,1499.06
80,1,0,-114.923,-107,1502.79
81,1,0,-116.843,-108.5,1683.09
82,1,0,-117.631,-109,1763.23
83,1,0,-117.191,-108.33,1718.05
84,1,0,-138.109,-111,1682.43
85,1,0,-116.97,-111,1695.74
86,1,0,-116.692,-107.5,1668.19
87,1,0,-138.148,-111.5,1450.48
88,1,0,-142.561,-112,1401.92
89,1,0,-116.41,-112,1640.61
90,1,0,-116.426,-107.41,1642.23
91,1,0,-116.994,-99,1698.19
92,1,0,-138.801,-98.5,1708.98
93,1,0,-140.811,-99,1750.73
94,1,0,-141.698,-98,1807.95
95,1,0,-141.638,-98.5,1808.48
96,1,0,-141.921,-96,1810.95
97,1,0,-119.207,-99,1935.03
98,1,0,-119.487,-95,1967.28
99,1,0,-138.338,-99,1960
100,1,0,-119.297,-101,1945.42
101,1,0,-118.624,-100,1869.67
102,1,0,-117.208,-106,1719.78
103,1,0,-135.127,-104,1574.12
104,1,0,-114.64,-104,1477.97
105,1,0,-113.779,-102,1404.74
106,1,0,-113.81,-101.5,1407.26
107,1,0,-100.487,-102,641.119
108,1,0,-99.1766,-102,593.421
109,1,0,-97.9995,-102,553.6
110,1,0,-95.5089,-105,477.934
111,1,0,-94.0667,-104,438.941
112,1,0,-95.7975,-95.5,486.141
113,1,0,-96.4312,-101,504.665
114,1,0,-98.4005,-94,566.855
115,1,0,-152.045,-88,658.459
116,1,0,-122.318,-100,579.045
117,1,0,-143.46,-93,556.293
118,1,0,-97.6162,-83,541.217
119,1,0,-97.8351,-83.6,548.255
120,1,0,-122.727,-77.67,567.887
121,1,0,-124.501,-81,592.415
122,1,0,-119.636,-77,650.596
123,1,0,-129.617,-77.5,811.109
124,1,0,-125.049,-82.5,676.139
125,1,0,-96.9199,-86,519.43
126,1,0,-94.6598,-85,454.577
127,1,0,-93.1151,-78,414.973
128,1,0,-91.163,-78,369.82
129,1,0,-87.2567,-76,293.684
130,1,0,-83.6338,-77,237.155
131,1,0,-81.6208,-77,210.593
132,1,0,-67.3659,-76,90.8077
133,1,0,-53.3446,-76.5,39.6995
134,1,0,-46.8919,-79,27.128
135,1,0,-48.2932,-79.33,29.4666
136,1,0,-47.1747,-80.29,27.5844
137,1,0,-43.4368,-77.8,22.1243
138,1,0,-40.4037,-61,18.4985
139,1,0,-39.7479,-59,17.7963
140,1,0,-41.0702,-50,19.2405
141,1,0,-46.5724,-51,26.6213
142,1,0,-52.7673,-50.5,38.3699
143,1,0,-55.3623,-51,44.7192
144,1,0,-56.1052,-52,46.7234
145,1,0,-55.1972,-52,44.2856
146,1,0,-54.5677,-52,42.6708
0,1,0,-53.0772,-95.5,39.0781
1,1,0,-66.9553,-103,88.6335
2,1,0,-74.7587,-103,140.47
3,1,0,-79.4452,-99,185.22
4,1,0,-80.073,-98,192.21
5,1,0,-80.0764,-100.5,192.249
6,1,0,-80.9894,-109,202.891
7,1,0,-82.1641,-97,217.454
8,1,0,-90.4117,-95,353.784
9,1,0,-121.729,-93.5,555.784
10,1,0,-123.795,-103,628.697
11,1,0,-126.084,-98.5,721.547
12,1,0,-128.071,-96,729.122
13,1,0,-127.829,-112,714.353
14,1,0,-123.91,-117,644.775
15,1,0,-158.598,-105,865.422
16,1,0,-133.341,-110,995.171
17,1,0,-134.076,-108,1039.05
18,1,0,-134.796,-114,1086.2
19,1,0,-135.176,-115,1111.24
20,1,0,-136.975,-111,1231.75
21,1,0,-137.273,-115,1252.38
22,1,0,-137.33,-112,1256.32
23,1,0,-163.082,-115,1282.04
24,1,0,-187.683,-112,1293.97
25,1,0,-164.189,-107,1287.64
26,1,0,-139.953,-108,1287.02
27,1,0,-133.473,-104,1284.11
28,1,0,-134.461,-94,1258.23
29,1,0,-134.638,-97.5,1195.37
30,1,0,-133.689,-102,1132.37
31,1,0,-136.277,-106,1108.14
32,1,0,-153.808,-116,1080.1
33,1,0,-128.586,-104,936.736
34,1,0,-106.772,-110,929.018
35,1,0,-135.443,-110,928.102
36,1,0,-152.375,-108,930.397
37,1,0,-136.644,-109,893.32
38,1,0,-134.517,-109.5,785.896
39,1,0,-126.878,-110,731.636
40,1,0,-102.255,-107,711.613
41,1,0,-101.969,-111,699.737
42,1,0,-128.17,-115,725.116
43,1,0,-128.424,-110,741.888
44,1,0,-129.359,-114,796.398
45,1,0,-129.65,-112,812.486
46,1,0,-129.742,-112,1014.41
47,1,0,-136.291,-113,1173.45
48,1,0,-132.257,-110,1266.53
49,1,0,-202.499,-113,1449.46
50,1,0,-151.472,-111,1521.02
51,1,0,-150.889,-111,1578.55
52,1,0,-145.037,-111.33,1576.33
53,1,0,-142.078,-110,1580.21
54,1,0,-135.103,-111,1584.1
55,1,0,-137.404,-109,1575.62
56,1,0,-135.765,-108,1599.34
57,1,0,-140.547,-104,1601.81
58,1,0,-141.379,-109,1599.16
59,1,0,-141.377,-109,1598.9
60,1,0,-141.379,-110,1598.87
61,1,0,-141.39,-109.67,1598.21
62,1,0,-136.653,-111,1545.71
63,1,0,-145.693,-107,1511.53
64,1,0,-144.346,-109,1511.05
65,1,0,-143.576,-112,1506.83
66,1,0,-169.694,-112,1481.83
67,1,0,-140.229,-110,1486.61
68,1,0,-137.947,-106,1485
69,1,0,-137.831,-110,1479.83
70,1,0,-138.537,-109,1488.26
71,1,0,-138.366,-107.5,1490.22
72,1,0,-142.398,-110,1505.37
73,1,0,-114.943,-115,1504.61
74,1,0,-114.935,-111,1503.92
75,1,0,-114.814,-110,1493.22
76,1,0,-114.033,-108.5,1425.92
77,1,0,-132.823,-108,1395.43
78,1,0,-135.108,-110,1373.18
79,1,0,-133.306,-105,1499.06
80,1,0,-114.923,-107,1502.79
81,1,0,-116.843,-108.5,1683.09
82,1,0,-117.631,-109,1763.23
83,1,0,-117.191,-108.33,1718.05
84,1,0,-138.109,-111,1682.43
85,1,0,-116.97,-111,1695.74
86,1,0,-116.692,-107.5,1668.19
87,1,0,-138.148,-111.5,1450.48
88,1,0,-142.561,-112,1401.92
89,1,0,-116.41,-112,1640.61
90,1,0,-116.426,-107.41,1642.23
91,1,0,-116.994,-99,1698.19
92,1,0,-138.801,-98.5,1708.98
93,1,0,-140.811,-99,1750.73
94,1,0,-141.698,-98,1807.95
95,1,0,-141.638,-98.5,1808.48
96,1,0,-141.921,-96,1810.95
97,1,0,-119.207,-99,1935.03
98,1,0,-119.487,-95,1967.28
99,1,0,-138.338,-99,1960
100,1,0,-119.297,-101,1945.42
101,1,0,-118.624,-100,1869.67
102,1,0,-117.208,-106,1719.78
103,1,0,-135.127,-104,1574.12
104,1,0,-114.64,-104,1477.97
105,1,0,-113.779,-102,1404.74
106,1,0,-113.81,-101.5,1407.26
107,1,0,-100.487,-102,641.119
108,1,0,-99.1766,-102,593.421
109,1,0,-97.9995,-102,553.6
110,1,0,-95.5089,-105,477.934
111,1,0,-94.0667,-104,438.941
112,1,0,-95.7975,-95.5,486.141
113,1,0,-96.4312,-101,504.665
114,1,0,-98.4005,-94,566.855
115,1,0,-152.045,-88,658.459
116,1,0,-122.318,-100,579.045
117,1,0,-143.46,-93,556.293
118,1,0,-97.6162,-83,541.217
119,1,0,-97.8351,-83.6,548.255
120,1,0,-122.727,-77.67,567.887
121,1,0,-124.501,-81,592.415
122,1,0,-119.636,-77,650.596
123,1,0,-129.617,-77.5,811.109
124,1,0,-125.049,-82.5,676.139
125,1,0,-96.9199,-86,519.43
126,1,0,-94.6598,-85,454.577
127,1,0,-93.1151,-78,414.973
128,1,0,-91.163,-78,369.82
129,1,0,-87.2567,-76,293.684
130,1,0,-83.6338,-77,237.155
131,1,0,-81.6208,-77,210.593
132,1,0,-67.3659,-76,90.8077
133,1,0,-53.3446,-76.5,39.6995
134,1,0,-46.8919,-79,27.128
135,1,0,-48.2932,-79.33,29.4666
136,1,0,-47.1747,-80.29,27.5844
137,1,0,-43.4368,-77.8,22.1243
138,1,0,-40.4037,-61,18.4985
139,1,0,-39.7479,-59,17.7963
140,1,0,-41.0702,-50,19.2405
141,1,0,-46.5724,-51,26.6213
142,1,0,-52.7673,-50.5,38.3699
143,1,0,-55.3623,-51,44.7192
144,1,0,-56.1052,-52,46.7234
145,1,0,-55.1972,-52,44.2856
146,1,0,-54.5677,-52,42.6708
0,1,0,-53.0772,-95.5,39.0781
1,1,0,-66.9553,-103,88.6335
2,1,0,-74.7587,-103,140.47
3,1,0,-79.4452,-99,185.22
4,1,0,-80.073,-98,192.21
5,1,0,-80.0764,-100.5,192.249
6,1,0,-80.9894,-109,202.891
7,1,0,-82.1641,-97,217.454
8,1,0,-90.4117,-95,353.784
9,1,0,-121.729,-93.5,555.784
10,1,0,-123.795,-103,628.697
11,1,0,-126.084,-98.5,721.547
12,1,0,-128.071,-96,729.122
13,1,0,-127.829,-112,714.353
14,1,0,-123.91,-117,644.775
15,1,0,-158.598,-105,865.422
16,1,0,-133.341,-110,995.171
17,1,0,-134.076,-108,1039.05
18,1,0,-134.796,-114,1086.2
19,1,0,-135.176,-115,1111.24
20,1,0,-136.975,-111,1231.75
21,1,0,-137.273,-115,1252.38
22,1,0,-137.33,-112,1256.32
23,1,0,-163.082,-115,1282.04
24,1,0,-187.683,-112,1293.97
25,1,0,-164.189,-107,1287.64
26,1,0,-139.953,-108,1287.02
27,1,0,-133.473,-104,1284.11
28,1,0,-134.461,-94,1258.23
29,1,0,-134.638,-97.5,1195.37
30,1,0,-133.689,-102,1132.37
31,1,0,-136.277,-106,1108.14
32,1,0,-153.808,-116,1080.1
33,1,0,-128.586,-104,936.736
34,1,0,-106.772,-110,929.018
35,1,0,-135.443,-110,928.102
36,1,0,-152.375,-108,930.397
37,1,0,-136.644,-109,893.32
38,1,0,-134.517,-109.5,785.896
39,1,0,-126.878,-110,731.636
40,1,0,-102.255,-107,711.613
41,1,0,-101.969,-111,699.737
42,1,0,-128.17,-115,725.116
43,1,0,-128.424,-110,741.888
44,1,0,-129.359,-114,796.398
45,1,0,-129.65,-112,812.486
46,1,0,-129.742,-112,1014.41
47,1,0,-136.291,-113,1173.45
48,1,0,-132.257,-110,1266.53
49,1,0,-202.499,-113,1449.46
50,1,0,-151.472,-111,1521.02
51,1,0,-150.889,-111,1578.55
52,1,0,-145.037,-111.33,1576.33
53,1,0,-142.078,-110,1580.21
54,1,0,-135.103,-111,1584.1
55,1,0,-137.404,-109,1575.62
56,1,0,-135.765,-108,1599.34
57,1,0,-140.547,-104,1601.81
58,1,0,-141.379,-109,1599.16
59,1,0,-141.377,-109,1598.9
60,1,0,-141.379,-110,1598.87
61,1,0,-141.39,-109.67,1598.21
62,1,0,-136.653,-111,1545.71
63,1,0,-145.693,-107,1511.53
64,1,0,-144.346,-109,1511.05
65,1,0,-143.576,-112,1506.83
66,1,0,-169.694,-112,1481.83
67,1,0,-140.229,-110,1486.61
68,1,0,-137.947,-106,1485
69,1,0,-137.831,-110,1479.83
70,1,0,-138.537,-109,1488.26
71,1,0,-138.366,-107.5,1490.22
72,1,0,-142.398,-110,1505.37
73,1,0,-114.943,-115,1504.61
74,1,0,-114.935,-111,1503.92
75,1,0,-114.814,-110,1493.22
76,1,0,-114.033,-108.5,1425.92
77,1,0,-132.823,-108,1395.43
78,1,0,-135.108,-110,1373.18
79,1,0,-133.306,-105,1499.06
80,1,0,-114.923,-107,1502.79
81,1,0,-116.843,-108.5,1683.09
82,1,0,-117.631,-109,1763.23
83,1,0,-117.191,-108.33,1718.05
84,1,0,-138.109,-111,1682.43
85,1,0,-116.97,-111,1695.74
86,1,0,-116.692,-107.5,1668.19
87,1,0,-138.148,-111.5,1450.48
88,1,0,-142.561,-112,1401.92
89,1,0,-116.41,-112,1640.61
90,1,0,-116.426,-107.41,1642.23
91,1,0,-116.994,-99,1698.19
92,1,0,-138.801,-98.5,1708.98
93,1,0,-140.811,-99,1750.73
94,1,0,-141.698,-98,1807.95
95,1,0,-141.638,-98.5,1808.48
96,1,0,-141.921,-96,1810.95
97,1,0,-119.207,-99,1935.03
98,1,0,-119.487,-95,1967.28
99,1,0,-138.338,-99,1960
100,1,0,-119.297,-101,1945.42
101,1,0,-118.624,-100,1869.67
102,1,0,-117.208,-106,1719.78
103,1,0,-135.127,-104,1574.12
104,1,0,-114.64,-104,1477.97
105,1,0,-113.779,-102,1404.74
106,1,0,-113.81,-101.5,1407.26
107,1,0,-100.487,-102,641.119
108,1,0,-99.1766,-102,593.421
109,1,0,-97.9995,-102,553.6
110,1,0,-95.5089,-105,477.934
111,1,0,-94.0667,-104,438.941
112,1,0,-95.7975,-95.5,486.141
113,1,0,-96.4312,-101,504.665
114,1,0,-98.4005,-94,566.855
115,1,0,-152.045,-88,658.459
116,1,0,-122.318,-100,579.045
117,1,0,-143.46,-93,556.293
118,1,0,-97.6162,-83,541.217
119,1,0,-97.8351,-83.6,548.255
120,1,0,-122.727,-77.67,567.887
121,1,0,-124.501,-81,592.415
122,1,0,-119.636,-77,650.596
123,1,0,-129.617,-77.5,811.109
124,1,0,-125.049,-82.5,676.139
125,1,0,-96.9199,-86,519.43
126,1,0,-94.6598,-85,454.577
127,1,0,-93.1151,-78,414.973
128,1,0,-91.163,-78,369.82
129,1,0,-87.2567,-76,293.684
130,1,0,-83.6338,-77,237.155
131,1,0,-81.6208,-77,210.593
132,1,0,-67.3659,-76,90.8077
133,1,0,-53.3446,-76.5,39.6995
134,1,0,-46.8919,-79,27.128
135,1,0,-48.2932,-79.33,29.4666
136,1,0,-47.1747,-80.29,27.5844
137,1,0,-43.4368,-77.8,22.1243
138,1,0,-40.4037,-61,18.4985
139,1,0,-39.7479,-59,17.7963
140,1,0,-41.0702,-50,19.2405
141,1,0,-46.5724,-51,26.6213
142,1,0,-52.7673,-50.5,38.3699
143,1,0,-55.3623,-51,44.7192
144,1,0,-56.1052,-52,46.7234
145,1,0,-55.1972,-52,44.2856
146,1,0,-54.5677,-52,42.6708
0,1,0,-53.0772,-95.5,39.0781
1,1,0,-66.9553,-103,88.6335
2,1,0,-74.7587,-103,140.47
3,1,0,-79.4452,-99,185.22
4,1,0,-80.073,-98,192.21
5,1,0,-80.0764,-100.5,192.249
6,1,0,-80.9894,-109,202.891
7,1,0,-82.1641,-97,217.454
8,1,0,-90.4117,-95,353.784
9,1,0,-121.729,-93.5,555.784
10,1,0,-123.795,-103,628.697
11,1,0,-126.084,-98.5,721.547
12,1,0,-128.071,-96,729.122
13,1,0,-127.829,-112,714.353
14,1,0,-123.91,-117,644.775
15,1,0,-158.598,-105,865.422
16,1,0,-133.341,-110,995.171
17,1,0,-134.076,-108,1039.05
18,1,0,-134.796,-114,1086.2
19,1,0,-135.176,-115,1111.24
20,1,0,-136.975,-111,1231.75
21,1,0,-137.273,-115,1252.38
22,1,0,-137.33,-112,1256.32
23,1,0,-163.082,-115,1282.04
24,1,0,-187.683,-112,1293.97
25,1,0,-164.189,-107,1287.64
26,1,0,-139.953,-108,1287.02
27,1,0,-133.473,-104,1284.11
28,1,0,-134.461,-94,1258.23
29,1,0,-134.638,-97.5,1195.37
30,1,0,-133.689,-102,1132.37
31,1,0,-136.277,-106,1108.14
32,1,0,-153.808,-116,1080.1
33,1,0,-128.586,-104,936.736
34,1,0,-106.772,-110,929.018
35,1,0,-135.443,-110,928.102
36,1,0,-152.375,-108,930.397
37,1,0,-136.644,-109,893.32
38,1,0,-134.517,-109.5,785.896
39,1,0,-126.878,-110,731.636
40,1,0,-102.255,-107,711.613
41,1,0,-101.969,-111,699.737
42,1,0,-128.17,-115,725.116
43,1,0,-128.424,-110,741.888
44,1,0,-129.359,-114,796.398
45,1,0,-129.65,-112,812.486
46,1,0,-129.742,-112,1014.41
47,1,0,-136.291,-113,1173.45
48,1,0,-132.257,-110,1266.53
49,1,0,-202.499,-113,1449.46
50,1,0,-151.472,-111,1521.02
51,1,0,-150.889,-111,1578.55
52,1,0,-145.037,-111.33,1576.33
53,1,0,-142.078,-110,1580.21
54,1,0,-135.103,-111,1584.1
55,1,0,-137.404,-109,1575.62
56,1,0,-135.765,-108,1599.34
57,1,0,-140.547,-104,1601.81
58,1,0,-141.379,-109,1599.16
59,1,0,-141.377,-109,1598.9
60,1,0,-141.379,-110,1598.87
61,1,0,-141.39,-109.67,1598.21
62,1,0,-136.653,-111,1545.71
63,1,0,-145.693,-107,1511.53
64,1,0,-144.346,-109,1511.05
65,1,0,-143.576,-112,1506.83
66,1,0,-169.694,-112,1481.83
67,1,0,-140.229,-110,1486.61
68,1,0,-137.947,-106,1485
69,1,0,-137.831,-110,1479.83
70,1,0,-138.537,-109,1488.26
71,1,0,-138.366,-107.5,1490.22
72,1,0,-142.398,-110,1505.37
73,1,0,-114.943,-115,1504.61
74,1,0,-114.935,-111,1503.92
75,1,0,-114.814,-110,1493.22
76,1,0,-114.033,-108.5,1425.92
77,1,0,-132.823,-108,1395.43
78,1,0,-135.108,-110,1373.18
79,1,0,-133.306,-105,1499.06
80,1,0,-114.923,-107,1502.79
81,1,0,-116.843,-108.5,1683.09
82,1,0,-117.631,-109,1763.23
83,1,0,-117.191,-108.33,1718.05
84,1,0,-138.109,-111,1682.43
85,1,0,-116.97,-111,1695.74
86,1,0,-116.692,-107.5,1668.19
87,1,0,-138.148,-111.5,1450.48
88,1,0,-142.561,-112,1401.92
89,1,0,-116.41,-112,1640.61
90,1,0,-116.426,-107.41,1642.23
91,1,0,-116.994,-99,1698.19
92,1,0,-138.801,-98.5,1708.98
93,1,0,-140.811,-99,1750.73
94,1,0,-141.698,-98,1807.95
95,1,0,-141.638,-98.5,1808.48
96,1,0,-141.921,-96,1810.95
97,1,0,-119.207,-99,1935.03
98,1,0,-119.487,-95,1967.28
99,1,0,-138.338,-99,1960
100,1,0,-119.297,-101,1945.42
101,1,0,-118.624,-100,1869.67
102,1,0,-117.208,-106,1719.78
103,1,0,-135.127,-104,1574.12
104,1,0,-114.64,-104,1477.97
105,1,0,-113.779,-102,1404.74
106,1,0,-113.81,-101.5,1407.26
107,1,0,-100.487,-102,641.119
108,1,0,-99.1766,-102,593.421
109,1,0,-97.9995,-102,553.6
110,1,0,-95.5089,-105,477.934
111,1,0,-94.0667,-104,438.941
112,1,0,-95.7975,-95.5,486.141
113,1,0,-96.4312,-101,504.665
114,1,0,-98.4005,-94,566.855
115,1,0,-152.045,-88,658.459
116,1,0,-122.318,-100,579.045
117,1,0,-143.46,-93,556.293
118,1,0,-97.6162,-83,541.217
119,1,0,-97.8351,-83.6,548.255
120,1,0,-122.727,-77.67,567.887
121,1,0,-124.501,-81,592.415
122,1,0,-119.636,-77,650.596
123,1,0,-129.617,-77.5,811.109
124,1,0,-125.049,-82.5,676.139
125,1,0,-96.9199,-86,519.43
126,1,0,-94.6598,-85,454.577
127,1,0,-93.1151,-78,414.973
128,1,0,-91.163,-78,369.82
129,1,0,-87.2567,-76,293.684
130,1,0,-83.6338,-77,237.155
131,1,0,-81.6208,-77,210.593
132,1,0,-67.3659,-76,90.8077
133,1,0,-53.3446,-76.5,39.6995
134,1,0,-46.8919,-79,27.128
135,1,0,-48.2932,-79.33,29.4666
136,1,0,-47.1747,-80.29,27.5844
137,1,0,-43.4368,-77.8,22.1243
138,1,0,-40.4037,-61,18.4985
139,1,0,-39.7479,-59,17.7963
140,1,0,-41.0702,-50,19.2405
141,1,0,-46.5724,-51,26.6213
142,1,0,-52.7673,-50.5,38.3699
143,1,0,-55.3623,-51,44.7192
144,1,0,-56.1052,-52,46.7234
145,1,0,-55.1972,-52,44.2856
146,1,0,-54.5677,-52,42.6708
0,1,0,-53.0772,-95.5,39.0781
1,1,0,-66.9553,-103,88.6335
2,1,0,-74.7587,-103,140.47
3,1,0,-79.4452,-99,185.22
4,1,0,-80.073,-98,192.21
5,1,0,-80.0764,-100.5,192.249
6,1,0,-80.9894,-109,202.891
7,1,0,-82.1641,-97,217.454
8,1,0,-90.4117,-95,353.784
9,1,0,-121.729,-93.5,555.784
10,1,0,-123.795,-103,628.697
11,1,0,-126.084,-98.5,721.547
12,1,0,-128.071,-96,729.122
13,1,0,-127.829,-112,714.353
14,1,0,-123.91,-117,644.775
15,1,0,-158.598,-105,865.422
16,1,0,-133.341,-110,995.171
17,1,0,-134.076,-108,1039.05
18,1,0,-134.796,-114,1086.2
19,1,0,-135.176,-115,1111.24
20,1,0,-136.975,-111,1231.75
21,1,0,-137.273,-115,1252.38
22,1,0,-137.33,-112,1256.32
23,1,0,-163.082,-115,1282.04
24,1,0,-187.683,-112,1293.97
25,1,0,-164.189,-107,1287.64
26,1,0,-139.953,-108,1287.02
27,1,0,-133.473,-104,1284.11
28,1,0,-134.461,-94,1258.23
29,1,0,-134.638,-97.5,1195.37
30,1,0,-133.689,-102,1132.37
31,1,0,-136.277,-106,1108.14
32,1,0,-153.808,-116,1080.1
33,1,0,-128.586,-104,936.736
34,1,0,-106.772,-110,929.018
35,1,0,-135.443,-110,928.102
36,1,0,-152.375,-108,930.397
37,1,0,-136.644,-109,893.32
38,1,0,-134.517,-109.5,785.896
39,1,0,-126.878,-110,731.636
40,1,0,-102.255,-107,711.613
41,1,0,-101.969,-111,699.737
42,1,0,-128.17,-115,725.116
43,1,0,-128.424,-110,741.888
44,1,0,-129.359,-114,796.398
45,1,0,-129.65,-112,812.486
46,1,0,-129.742,-112,1014.41
47,1,0,-136.291,-113,1173.45
48,1,0,-132.257,-110,1266.53
49,1,0,-202.499,-113,1449.46
50,1,0,-151.472,-111,1521.02
51,1,0,-150.889,-111,1578.55
52,1,0,-145.037,-111.33,1576.33
53,1,0,-142.078,-110,1580.21
54,1,0,-135.103,-111,1584.1
55,1,0,-137.404,-109,1575.62
56,1,0,-135.765,-108,1599.34
57,1,0,-140.547,-104,1601.81
58,1,0,-141.379,-109,1599.16
59,1,0,-141.377,-109,1598.9
60,1,0,-141.379,-110,1598.87
61,1,0,-141.39,-109.67,1598.21
62,1,0,-136.653,-111,1545.71
63,1,0,-145.693,-107,1511.53
64,1,0,-144.346,-109,1511.05
65,1,0,-143.576,-112,1506.83
66,1,0,-169.694,-112,1481.83
67,1,0,-140.229,-110,1486.61
68,1,0,-137.947,-106,1485
69,1,0,-137.831,-110,1479.83
70,1,0,-138.537,-109,1488.26
71,1,0,-138.366,-107.5,1490.22
72,1,0,-142.398,-110,1505.37
73,1,0,-114.943,-115,1504.61
74,1,0,-114.935,-111,1503.92
75,1,0,-114.814,-110,1493.22
76,1,0,-114.033,-108.5,1425.92
77,1,0,-132.823,-108,1395.43
78,1,0,-135.108,-110,1373.18
79,1,0,-133.306,-105,1499.06
80,1,0,-114.923,-107,1502.79
81,1,0,-116.843,-108.5,1683.09
82,1,0,-117.631,-109,1763.23
83,1,0,-117.191,-108.33,1718.05
84,1,0,-138.109,-111,1682.43
85,1,0,-116.97,-111,1695.74
86,1,0,-116.692,-107.5,1668.19
87,1,0,-138.148,-111.5,1450.48
88,1,0,-142.561,-112,1401.92
89,1,0,-116.41,-112,1640.61
90,1,0,-116.426,-107.41,1642.23
91,1,0,-116.994,-99,1698.19
92,1,0,-138.801,-98.5,1708.98
93,1,0,-140.811,-99,1750.73
94,1,0,-141.698,-98,1807.95
95,1,0,-141.638,-98.5,1808.48
96,1,0,-141.921,-96,1810.95
97,1,0,-119.207,-99,1935.03
98,1,0,-119.487,-95,1967.28
99,1,0,-138.338,-99,1960
100,1,0,-119.297,-101,1945.42
101,1,0,-118.624,-100,1869.67
102,1,0,-117.208,-106,1719.78
103,1,0,-135.127,-104,1574.12
104,1,0,-114.64,-104,1477.97
105,1,0,-113.779,-102,1404.74
106,1,0,-113.81,-101.5,1407.26
107,1,0,-100.487,-102,641.119
108,1,0,-99.1766,-102,593.421
109,1,0,-97.9995,-102,553.6
110,1,0,-95.5089,-105,477.934
111,1,0,-94.0667,-104,438.941
112,1,0,-95.7975,-95.5,486.141
113,1,0,-96.4312,-101,504.665
114,1,0,-98.4005,-94,566.855
115,1,0,-152.045,-88,658.459
116,1,0,-122.318,-100,579.045
117,1,0,-143.46,-93,556.293
118,1,0,-97.6162,-83,541.217
119,1,0,-97.8351,-83.6,548.255
120,1,0,-122.727,-77.67,567.887
121,1,0,-124.501,-81,592.415
122,1,0,-119.636,-77,650.596
123,1,0,-129.617,-77.5,811.109
124,1,0,-125.049,-82.5,676.139
125,1,0,-96.9199,-86,519.43
126,1,0,-94.6598,-85,454.577
127,1,0,-93.1151,-78,414.973
128,1,0,-91.163,-78,369.82
129,1,0,-87.2567,-76,293.684
130,1,0,-83.6338,-77,237.155
131,1,0,-81.6208,-77,210.593
132,1,0,-67.3659,-76,90.8077
133,1,0,-53.3446,-76.5,39.6995
134,1,0,-46.8919,-79,27.128
135,1,0,-48.2932,-79.33,29.4666
136,1,0,-47.1747,-80.29,27.5844
137,1,0,-43.4368,-77.8,22.1243
138,1,0,-40.4037,-61,18.4985
139,1,0,-39.7479,-59,17.7963
140,1,0,-41.0702,-50,19.2405
141,1,0,-46.5724,-51,26.6213
142,1,0,-52.7673,-50.5,38.3699
143,1,0,-55.3623,-51,44.7192
144,1,0,-56.1052,-52,46.7234
145,1,0,-55.1972,-52,44.2856
146,1,0,-54.5677,-52,42.6708
0,1,0,-53.0772,-95.5,39.0781
1,1,0,-66.9553,-103,88.6335
2,1,0,-74.7587,-103,140.47
3,1,0,-79.4452,-99,185.22
4,1,0,-80.073,-98,192.21
5,1,0,-80.0764,-100.5,192.249
6,1,0,-80.9894,-109,202.891
7,1,0,-82.1641,-97,217.454
8,1,0,-90.4117,-95,353.784
9,1,0,-121.729,-93.5,555.784
10,1,0,-123.795,-103,628.697
11,1,0,-126.084,-98.5,721.547
12,1,0,-128.071,-96,729.122
13,1,0,-127.829,-112,714.353
14,1,0,-123.91,-117,644.775
15,1,0,-158.598,-105,865.422
16,1,0,-133.341,-110,995.171
17,1,0,-134.076,-108,1039.05
18,1,0,-134.796,-114,1086.2
19,1,0,-135.176,-115,1111.24
20,1,0,-136.975,-111,1231.75
21,1,0,-137.273,-115,1252.38
22,1,0,-137.33,-112,1256.32
23,1,0,-163.082,-115,1282.04
24,1,0,-187.683,-112,1293.97
25,1,0,-164.189,-107,1287.64
26,1,0,-139.953,-108,1287.02
27,1,0,-133.473,-104,1284.11
28,1,0,-134.461,-94,1258.23
29,1,0,-134.638,-97.5,1195.37
30,1,0,-133.689,-102,1132.37
31,1,0,-136.277,-106,1108.14
32,1,0,-153.808,-116,1080.1
33,1,0,-128.586,-104,936.736
34,1,0,-106.772,-110,929.018
35,1,0,-135.443,-110,928.102
36,1,0,-152.375,-108,930.397
37,1,0,-136.644,-109,893.32
38,1,0,-134.517,-109.5,785.896
39,1,0,-126.878,-110,731.636
40,1,0,-102.255,-107,711.613
41,1,0,-101.969,-111,699.737
42,1,0,-128.17,-115,725.116
43,1,0,-128.424,-110,741.888
44,1,0,-129.359,-114,796.398
45,1,0,-129.65,-112,812.486
46,1,0,-129.742,-112,1014.41
47,1,0,-136.291,-113,1173.45
48,1,0,-132.257,-110,1266.53
49,1,0,-202.499,-113,1449.46
50,1,0,-151.472,-111,1521.02
51,1,0,-150.889,-111,1578.55
52,1,0,-145.037,-111.33,1576.33
53,1,0,-142.078,-110,1580.21
54,1,0,-135.103,-111,1584.1
55,1,0,-137.404,-109,1575.62
56,1,0,-135.765,-108,1599.34
57,1,0,-140.547,-104,1601.81
58,1,0,-141.379,-109,1599.16
59,1,0,-141.377,-109,1598.9
60,1,0,-141.379,-110,1598.87
61,1,0,-141.39,-109.67,1598.21
62,1,0,-136.653,-111,1545.71
63,1,0,-145.693,-107,1511.53
64,1,0,-144.346,-109,1511.05
65,1,0,-143.576,-112,1506.83
66,1,0,-169.694,-112,1481.83
67,1,0,-140.229,-110,1486.61
68,1,0,-137.947,-106,1485
69,1,0,-137.831,-110,1479.83
70,1,0,-138.537,-109,1488.26
71,1,0,-138.366,-107.5,1490.22
72,1,0,-142.398,-110,1505.37
73,1,0,-114.943,-115,1504.61
74,1,0,-114.935,-111,1503.92
75,1,0,-114.814,-110,1493.22
76,1,0,-114.033,-108.5,1425.92
77,1,0,-132.823,-108,1395.43
78,1,0,-135.108,-110,1373.18
79,1,0,-133.306,-105,1499.06
80,1,0,-114.923,-107,1502.79
81,1,0,-116.843,-108.5,1683.09
82,1,0,-117.631,-109,1763.23
83,1,0,-117.191,-108.33,1718.05
84,1,0,-138.109,-111,1682.43
85,1,0,-116.97,-111,1695.74
86,1,0,-116.692,-107.5,1668.19
87,1,0,-138.148,-111.5,1450.48
88,1,0,-142.561,-112,1401.92
89,1,0,-116.41,-112,1640.61
90,1,0,-116.426,-107.41,1642.23
91,1,0,-116.994,-99,1698.19
92,1,0,-138.801,-98.5,1708.98
93,1,0,-140.811,-99,1750.73
94,1,0,-141.698,-98,1807.95
95,1,0,-141.638,-98.5,1808.48
96,1,0,-141.921,-96,1810.95
97,1,0,-119.207,-99,1935.03
98,1,0,-119.487,-95,1967.28
99,1,0,-138.338,-99,1960
100,1,0,-119.297,-101,1945.42
101,1,0,-118.624,-100,1869.67
102,1,0,-117.208,-106,1719.78
103,1,0,-135.127,-104,1574.12
104,1,0,-114.64,-104,1477.97
105,1,0,-113.779,-102,1404.74
106,1,0,-113.81,-101.5,1407.26
107,1,0,-100.487,-102,641.119
108,1,0,-99.1766,-102,593.421
109,1,0,-97.9995,-102,553.6
110,1,0,-95.5089,-105,477.934
111,1,0,-94.0667,-104,438.941
112,1,0,-95.7975,-95.5,486.141
113,1,0,-96.4312,-101,504.665
114,1,0,-98.4005,-94,566.855
115,1,0,-152.045,-88,658.459
116,1,0,-122.318,-100,579.045
117,1,0,-143.46,-93,556.293
118,1,0,-97.6162,-83,541.217
119,1,0,-97.8351,-83.6,548.255
120,1,0,-122.727,-77.67,567.887
121,1,0,-124.501,-81,592.415
122,1,0,-119.636,-77,650.596
123,1,0,-129.617,-77.5,811.109
124,1,0,-125.049,-82.5,676.139
125,1,0,-96.9199,-86,519.43
126,1,0,-94.6598,-85,454.577
127,1,0,-93.1151,-78,414.973
128,1,0,-91.163,-78,369.82
129,1,0,-87.2567,-76,293.684
130,1,0,-83.6338,-77,237.155
131,1,0,-81.6208,-77,210.593
132,1,0,-67.3659,-76,90.8077
133,1,0,-53.3446,-76.5,39.6995
134,1,0,-46.8919,-79,27.128
135,1,0,-48.2932,-79.33,29.4666
136,1,0,-47.1747,-80.29,27.5844
137,1,0,-43.4368,-77.8,22.1243
138,1,0,-40.4037,-61,18.4985
139,1,0,-39.7479,-59,17.7963
140,1,0,-41.0702,-50,19.2405
141,1,0,-46.5724,-51,26.6213
142,1,0,-52.7673,-50.5,38.3699
143,1,0,-55.3623,-51,44.7192
144,1,0,-56.1052,-52,46.7234
145,1,0,-55.1972,-52,44.2856
146,1,0,-54.5677,-52,42.6708
0,1,0,-53.0772,-95.5,39.0781
1,1,0,-66.9553,-103,88.6335
2,1,0,-74.7587,-103,140.47
3,1,0,-79.4452,-99,185.22
4,1,0,-80.073,-98,192.21
5,1,0,-80.0764,-100.5,192.249
6,1,0,-80.9894,-109,202.891
7,1,0,-82.1641,-97,217.454
8,1,0,-90.4117,-95,353.784
9,1,0,-121.729,-93.5,555.784
10,1,0,-123.795,-103,628.697
11,1,0,-126.084,-98.5,721.547
12,1,0,-128.071,-96,729.122
13,1,0,-127.829,-112,714.353
14,1,0,-123.91,-117,644.775
15,1,0,-158.598,-105,865.422
16,1,0,-133.341,-110,995.171
17,1,0,-134.076,-108,1039.05
18,1,0,-134.796,-114,1086.2
19,1,0,-135.176,-115,1111.24
20,1,0,-136.975,-111,1231.75
21,1,0,-137.273,-115,1252.38
22,1,0,-137.33,-112,1256.32
23,1,0,-163.082,-115,1282.04
24,1,0,-187.683,-112,1293.97
25,1,0,-164.189,-107,1287.64
26,1,0,-139.953,-108,1287.02
27,1,0,-133.473,-104,1284.11
28,1,0,-134.461,-94,1258.23
29,1,0,-134.638,-97.5,1195.37
30,1,0,-133.689,-102,1132.37
31,1,0,-136.277,-106,1108.14
32,1,0,-153.808,-116,1080.1
33,1,0,-128.586,-104,936.736
34,1,0,-106.772,-110,929.018
35,1,0,-135.443,-110,928.102
36,1,0,-152.375,-108,930.397
37,1,0,-136.644,-109,893.32
38,1,0,-134.517,-109.5,785.896
39,1,0,-126.878,-110,731.636
40,1,0,-102.255,-107,711.613
41,1,0,-101.969,-111,699.737
42,1,0,-128.17,-115,725.116
43,1,0,-128.424,-110,741.888
44,1,0,-129.359,-114,796.398
45,1,0,-129.65,-112,812.486
46,1,0,-129.742,-112,1014.41
47,1,0,-136.291,-113,1173.45
48,1,0,-132.257,-110,1266.53
49,1,0,-202.499,-113,1449.46
50,1,0,-151.472,-111,1521.02
51,1,0,-150.889,-111,1578.55
52,1,0,-145.037,-111.33,1576.33
53,1,0,-142.078,-110,1580.21
54,1,0,-135.103,-111,1584.1
55,1,0,-137.404,-109,1575.62
56,1,0,-135.765,-108,1599.34
57,1,0,-140.547,-104,1601.81
58,1,0,-141.379,-109,1599.16
59,1,0,-141.377,-109,1598.9
60,1,0,-141.379,-110,1598.87
61,1,0,-141.39,-109.67,1598.21
62,1,0,-136.653,-111,1545.71
63,1,0,-145.693,-107,1511.53
64,1,0,-144.346,-109,1511.05
65,1,0,-143.576,-112,1506.83
66,1,0,-169.694,-112,1481.83
67,1,0,-140.229,-110,1486.61
68,1,0,-137.947,-106,1485
69,1,0,-137.831,-110,1479.83
70,1,0,-138.537,-109,1488.26
71,1,0,-138.366,-107.5,1490.22
72,1,0,-142.398,-110,1505.37
73,1,0,-114.943,-115,1504.61
74,1,0,-114.935,-111,1503.92
75,1,0,-114.814,-110,1493.22
76,1,0,-114.033,-108.5,1425.92
77,1,0,-132.823,-108,1395.43
78,1,0,-135.108,-110,1373.18
79,1,0,-133.306,-105,1499.06
80,1,0,-114.923,-107,1502.79
81,1,0,-116.843,-108.5,1683.09
82,1,0,-117.631,-109,1763.23
83,1,0,-117.191,-108.33,1718.05
84,1,0,-138.109,-111,1682.43
85,1,0,-116.97,-111,1695.74
86,1,0,-116.692,-107.5,1668.19
87,1,0,-138.148,-111.5,1450.48
88,1,0,-142.561,-112,1401.92
89,1,0,-116.41,-112,1640.61
90,1,0,-116.426,-107.41,1642.23
91,1,0,-116.994,-99,1698.19
92,1,0,-138.801,-98.5,1708.98
93,1,0,-140.811,-99,1750.73
94,1,0,-141.698,-98,1807.95
95,1,0,-141.638,-98.5,1808.48
96,1,0,-141.921,-96,1810.95
97,1,0,-119.207,-99,1935.03
98,1,0,-119.487,-95,1967.28
99,1,0,-138.338,-99,1960
100,1,0,-119.297,-101,1945.42
101,1,0,-118.624,-100,1869.67
102,1,0,-117.208,-106,1719.78
103,1,0,-135.127,-104,1574.12
104,1,0,-114.64,-104,1477.97
105,1,0,-113.779,-102,1404.74
106,1,0,-113.81,-101.5,1407.26
107,1,0,-100.487,-102,641.119
108,1,0,-99.1766,-102,593.421
109,1,0,-97.9995,-102,553.6
110,1,0,-95.5089,-105,477.934
111,1,0,-94.0667,-104,438.941
112,1,0,-95.7975,-95.5,486.141
113,1,0,-96.4312,-101,504.665
114,1,0,-98.4005,-94,566.855
115,1,0,-152.045,-88,658.459
116,1,0,-122.318,-100,579.045
117,1,0,-143.46,-93,556.293
118,1,0,-97.6162,-83,541.217
119,1,0,-97.8351,-83.6,548.255
120,1,0,-122.727,-77.67,567.887
121,1,0,-124.501,-81,592.415
122,1,0,-119.636,-77,650.596
123,1,0,-129.617,-77.5,811.109
124,1,0,-125.049,-82.5,676.139
125,1,0,-96.9199,-86,519.43
126,1,0,-94.6598,-85,454.577
127,1,0,-93.1151,-78,414.973
128,1,0,-91.163,-78,369.82
129,1,0,-87.2567,-76,293.684
130,1,0,-83.6338,-77,237.155
131,1,0,-81.6208,-77,210.593
132,1,0,-67.3659,-76,90.8077
133,1,0,-53.3446,-76.5,39.6995
134,1,0,-46.8919,-79,27.128
135,1,0,-48.2932,-79.33,29.4666
136,1,0,-47.1747,-80.29,27.5844
137,1,0,-43.4368,-77.8,22.1243
138,1,0,-40.4037,-61,18.4985
139,1,0,-39.7479,-59,17.7963
140,1,0,-41.0702,-50,19.2405
141,1,0,-46.5724,-51,26.6213
142,1,0,-52.7673,-50.5,38.3699
143,1,0,-55.3623,-51,44.7192
144,1,0,-56.1052,-52,46.7234
145,1,0,-55.1972,-52,44.2856
146,1,0,-54.5677,-52,42.6708
0,1,0,-53.0772,-95.5,39.0781
1,1,0,-66.9553,-103,88.6335
2,1,0,-74.7587,-103,140.47
3,1,0,-79.4452,-99,185.22
4,1,0,-80.073,-98,192.21
5,1,0,-80.0764,-100.5,192.249
6,1,0,-80.9894,-109,202.891
7,1,0,-82.1641,-97,217.454
8,1,0,-90.4117,-95,353.784
9,1,0,-121.729,-93.5,555.784
10,1,0,-123.795,-103,628.697
11,1,0,-126.084,-98.5,721.547
12,1,0,-128.071,-96,729.122
13,1,0,-127.829,-112,714.353
14,1,0,-123.91,-117,644.775
15,1,0,-158.598,-105,865.422
16,1,0,-133.341,-110,995.171
17,1,0,-134.076,-108,1039.05
18,1,0,-134.796,-114,1086.2
19,1,0,-135.176,-115,1111.24
20,1,0,-136.975,-111,1231.75
21,1,0,-137.273,-115,1252.38
22,1,0,-137.33,-112,1256.32
23,1,0,-163.082,-115,1282.04
24,1,0,-187.683,-112,1293.97
25,1,0,-164.189,-107,1287.64
26,1,0,-139.953,-108,1287.02
27,1,0,-133.473,-104,1284.11
28,1,0,-134.461,-94,1258.23
29,1,0,-134.638,-97.5,1195.37
30,1,0,-133.689,-102,1132.37
31,1,0,-136.277,-106,1108.14
32,1,0,-153.808,-116,1080.1
33,1,0,-128.586,-104,936.736
34,1,0,-106.772,-110,929.018
35,1,0,-135.443,-110,928.102
36,1,0,-152.375,-108,930.397
37,1,0,-136.644,-109,893.32
38,1,0,-134.517,-109.5,785.896
39,1,0,-126.878,-110,731.636
40,1,0,-102.255,-107,711.613
41,1,0,-101.969,-111,699.737
42,1,0,-128.17,-115,725.116
43,1,0,-128.424,-110,741.888
44,1,0,-129.359,-114,796.398
45,1,0,-129.65,-112,812.486
46,1,0,-129.742,-112,1014.41
47,1,0,-136.291,-113,1173.45
48,1,0,-132.257,-110,1266.53
49,1,0,-202.499,-113,1449.46
50,1,0,-151.472,-111,1521.02
51,1,0,-150.889,-111,1578.55
52,1,0,-145.037,-111.33,1576.33
53,1,0,-142.078,-110,1580.21
54,1,0,-135.103,-111,1584.1
55,1,0,-137.404,-109,1575.62
56,1,0,-135.765,-108,1599.34
57,1,0,-140.547,-104,1601.81
58,1,0,-141.379,-109,1599.16
59,1,0,-141.377,-109,1598.9
60,1,0,-141.379,-110,1598.87
61,1,0,-141.39,-109.67,1598.21
62,1,0,-136.653,-111,1545.71
63,1,0,-145.693,-107,1511.53
64,1,0,-144.346,-109,1511.05
65,1,0,-143.576,-112,1506.83
66,1,0,-169.694,-112,1481.83
67,1,0,-140.229,-110,1486.61
68,1,0,-137.947,-106,1485
69,1,0,-137.831,-110,1479.83
70,1,0,-138.537,-109,1488.26
71,1,0,-138.366,-107.5,1490.22
72,1,0,-142.398,-110,1505.37
73,1,0,-114.943,-115,1504.61
74,1,0,-114.935,-111,1503.92
75,1,0,-114.814,-110,1493.22
76,1,0,-114.033,-108.5,1425.92
77,1,0,-132.823,-108,1395.43
78,1,0,-135.108,-110,1373.18
79,1,0,-133.306,-105,1499.06
80,1,0,-114.923,-107,1502.79
81,1,0,-116.843,-108.5,1683.09
82,1,0,-117.631,-109,1763.23
83,1,0,-117.191,-108.33,1718.05
84,1,0,-138.109,-111,1682.43
85,1,0,-116.97,-111,1695.74
86,1,0,-116.692,-107.5,1668.19
87,1,0,-138.148,-111.5,1450.48
88,1,0,-142.561,-112,1401.92
89,1,0,-116.41,-112,1640.61
90,1,0,-116.426,-107.41,1642.23
91,1,0,-116.994,-99,1698.19
92,1,0,-138.801,-98.5,1708.98
93,1,0,-140.811,-99,1750.73
94,1,0,-141.698,-98,1807.95
95,1,0,-141.638,-98.5,1808.48
96,1,0,-141.921,-96,1810.95
97,1,0,-119.207,-99,1935.03
98,1,0,-119.487,-95,1967.28
99,1,0,-138.338,-99,1960
100,1,0,-119.297,-101,1945.42
101,1,0,-118.624,-100,1869.67
102,1,0,-117.208,-106,1719.78
103,1,0,-135.127,-104,1574.12
104,1,0,-114.64,-104,1477.97
105,1,0,-113.779,-102,1404.74
106,1,0,-113.81,-101.5,1407.26
107,1,0,-100.487,-102,641.119
108,1,0,-99.1766,-102,593.421
109,1,0,-97.9995,-102,553.6
110,1,0,-95.5089,-105,477.934
111,1,0,-94.0667,-104,438.941
112,1,0,-95.7975,-95.5,486.141
113,1,0,-96.4312,-101,504.665
114,1,0,-98.4005,-94,566.855
115,1,0,-152.045,-88,658.459
116,1,0,-122.318,-100,579.045
117,1,0,-143.46,-93,556.293
118,1,0,-97.6162,-83,541.217
119,1,0,-97.8351,-83.6,548.255
120,1,0,-122.727,-77.67,567.887
121,1,0,-124.501,-81,592.415
122,1,0,-119.636,-77,650.596
123,1,0,-129.617,-77.5,811.109
124,1,0,-125.049,-82.5,676.139
125,1,0,-96.9199,-86,519.43
126,1,0,-94.6598,-85,454.577
127,1,0,-93.1151,-78,414.973
128,1,0,-91.163,-78,369.82
129,1,0,-87.2567,-76,293.684
130,1,0,-83.6338,-77,237.155
131,1,0,-81.6208,-77,210.593
132,1,0,-67.3659,-76,90.8077
133,1,0,-53.3446,-76.5,39.6995
134,1,0,-46.8919,-79,27.128
135,1,0,-48.2932,-79.33,29.4666
136,1,0,-47.1747,-80.29,27.5844
137,1,0,-43.4368,-77.8,22.1243
138,1,0,-40.4037,-61,18.4985
139,1,0,-39.7479,-59,17.7963
140,1,0,-41.0702,-50,19.2405
141,1,0,-46.5724,-51,26.6213
142,1,0,-52.7673,-50.5,38.3699
143,1,0,-55.3623,-51,44.7192
144,1,0,-56.1052,-52,46.7234
145,1,0,-55.1972,-52,44.2856
146,1,0,-54.5677,-52,42.6708
0,1,0,-53.1415,-95.5,39.2265
1,1,0,-66.9678,-103,88.699
2,1,0,-74.7637,-103,140.511
3,1,0,-79.448,-99,185.251
4,1,0,-80.0756,-98,192.24
5,1,0,-80.0791,-100.5,192.28
6,1,0,-80.9918,-109,202.92
7,1,0,-82.1662,-97,217.481
8,1,0,-90.4125,-95,353.8
9,1,0,-121.729,-93.5,555.795
10,1,0,-123.796,-103,628.706
11,1,0,-126.084,-98.5,721.555
12,1,0,-128.071,-96,729.13
13,1,0,-127.83,-112,714.362
14,1,0,-123.91,-117,644.784
15,1,0,-158.599,-105,865.428
16,1,0,-133.342,-110,995.177
17,1,0,-134.076,-108,1039.05
18,1,0,-134.797,-114,1086.2
19,1,0,-135.176,-115,1111.25
20,1,0,-136.975,-111,1231.76
21,1,0,-137.273,-115,1252.38
22,1,0,-137.33,-112,1256.32
23,1,0,-163.082,-115,1282.04
24,1,0,-187.683,-112,1293.98
25,1,0,-164.189,-107,1287.65
26,1,0,-139.953,-108,1287.03
27,1,0,-133.473,-104,1284.11
28,1,0,-134.461,-94,1258.24
29,1,0,-134.639,-97.5,1195.37
30,1,0,-133.69,-102,1132.37
31,1,0,-136.277,-106,1108.14
32,1,0,-153.808,-116,1080.1
33,1,0,-128.586,-104,936.743
34,1,0,-106.772,-110,929.024
35,1,0,-135.443,-110,928.109
36,1,0,-152.375,-108,930.404
37,1,0,-136.644,-109,893.327
38,1,0,-134.517,-109.5,785.903
39,1,0,-126.878,-110,731.644
40,1,0,-102.255,-107,711.622
41,1,0,-101.97,-111,699.746
42,1,0,-128.17,-115,725.124
43,1,0,-128.424,-110,741.896
44,1,0,-129.359,-114,796.405
45,1,0,-129.651,-112,812.493
46,1,0,-129.742,-112,1014.42
47,1,0,-136.291,-113,1173.46
48,1,0,-132.257,-110,1266.53
49,1,0,-202.499,-113,1449.46
50,1,0,-151.472,-111,1521.02
51,1,0,-150.889,-111,1578.55
52,1,0,-145.037,-111.33,1576.33
53,1,0,-142.078,-110,1580.21
54,1,0,-135.103,-111,1584.11
55,1,0,-137.404,-109,1575.63
56,1,0,-135.765,-108,1599.34
57,1,0,-140.547,-104,1601.82
58,1,0,-141.379,-109,1599.16
59,1,0,-141.377,-109,1598.9
60,1,0,-141.379,-110,1598.87
61,1,0,-141.39,-109.67,1598.22
62,1,0,-136.654,-111,1545.72
63,1,0,-145.693,-107,1511.53
64,1,0,-144.346,-109,1511.05
65,1,0,-143.576,-112,1506.84
66,1,0,-169.694,-112,1481.83
67,1,0,-140.229,-110,1486.61
68,1,0,-137.947,-106,1485
69,1,0,-137.831,-110,1479.84
70,1,0,-138.537,-109,1488.26
71,1,0,-138.366,-107.5,1490.22
72,1,0,-142.398,-110,1505.38
73,1,0,-114.943,-115,1504.61
74,1,0,-114.935,-111,1503.92
75,1,0,-114.814,-110,1493.22
76,1,0,-114.033,-108.5,1425.92
77,1,0,-113.667,-108,1395.43
78,1,0,-135.108,-110,1373.19
79,1,0,-114.881,-105,1499.06
80,1,0,-114.923,-107,1502.79
81,1,0,-116.843,-108.5,1683.09
82,1,0,-117.631,-109,1763.23
83,1,0,-117.191,-108.33,1718.05
84,1,0,-138.109,-111,1682.43
85,1,0,-116.97,-111,1695.74
86,1,0,-116.692,-107.5,1668.19
87,1,0,-138.148,-111.5,1450.48
88,1,0,-142.562,-112,1401.92
89,1,0,-116.41,-112,1640.62
90,1,0,-116.426,-107.41,1642.23
91,1,0,-116.994,-99,1698.19
92,1,0,-138.801,-98.5,1708.98
93,1,0,-140.811,-99,1750.73
94,1,0,-141.698,-98,1807.95
95,1,0,-141.638,-98.5,1808.49
96,1,0,-141.921,-96,1810.95
97,1,0,-119.207,-99,1935.04
98,1,0,-119.487,-95,1967.29
99,1,0,-138.338,-99,1960
100,1,0,-119.297,-101,1945.43
101,1,0,-118.624,-100,1869.67
102,1,0,-117.208,-106,1719.79
103,1,0,-135.127,-104,1574.12
104,1,0,-114.64,-104,1477.98
105,1,0,-113.779,-102,1404.74
106,1,0,-113.81,-101.5,1407.26
107,1,0,-100.487,-102,641.128
108,1,0,-99.1769,-102,593.431
109,1,0,-97.9998,-102,553.611
110,1,0,-95.5094,-105,477.946
111,1,0,-94.0672,-104,438.954
112,1,0,-95.7979,-95.5,486.153
113,1,0,-96.4316,-101,504.677
114,1,0,-98.4008,-94,566.865
115,1,0,-152.046,-88,658.468
116,1,0,-122.318,-100,579.055
117,1,0,-143.461,-93,556.304
118,1,0,-97.6165,-83,541.228
119,1,0,-97.8354,-83.6,548.266
120,1,0,-122.727,-77.67,567.897
121,1,0,-124.501,-81,592.425
122,1,0,-119.636,-77,650.605
123,1,0,-129.617,-77.5,811.117
124,1,0,-125.049,-82.5,676.148
125,1,0,-96.9202,-86,519.442
126,1,0,-94.6603,-85,454.589
127,1,0,-93.1157,-78,414.987
128,1,0,-91.1637,-78,369.836
129,1,0,-87.2578,-76,293.703
130,1,0,-83.6355,-77,237.179
131,1,0,-81.623,-77,210.621
132,1,0,-67.3779,-76,90.8716
133,1,0,-53.4068,-76.5,39.8456
134,1,0,-47.0247,-79,27.3413
135,1,0,-48.4059,-79.33,29.6631
136,1,0,-47.3032,-80.29,27.7943
137,1,0,-43.6356,-77.8,22.3854
138,1,0,-40.6867,-61,18.81
139,1,0,-40.0532,-59,18.1199
140,1,0,-41.3321,-50,19.5402
141,1,0,-46.7103,-51,26.8387
142,1,0,-52.8339,-50.5,38.521
143,1,0,-55.4114,-51,44.849
144,1,0,-56.1502,-52,46.8476
145,1,0,-55.2472,-52,44.4166
146,1,0,-54.6216,-52,42.8068
0,1,0,-53.1415,-95.5,39.2265
1,1,0,-66.9678,-103,88.699
2,1,0,-74.7637,-103,140.511
3,1,0,-79.448,-99,185.251
4,1,0,-80.0756,-98,192.24
5,1,0,-80.0791,-100.5,192.28
6,1,0,-80.9918,-109,202.92
7,1,0,-82.1662,-97,217.481
8,1,0,-90.4125,-95,353.8
9,1,0,-121.729,-93.5,555.795
10,1,0,-123.796,-103,628.706
11,1,0,-126.084,-98.5,721.555
12,1,0,-128.071,-96,729.13
13,1,0,-127.83,-112,714.362
14,1,0,-123.91,-117,644.784
15,1,0,-158.599,-105,865.428
16,1,0,-133.342,-110,995.177
17,1,0,-134.076,-108,1039.05
18,1,0,-134.797,-114,1086.2
19,1,0,-135.176,-115,1111.25
20,1,0,-136.975,-111,1231.76
21,1,0,-137.273,-115,1252.38
22,1,0,-137.33,-112,1256.32
23,1,0,-163.082,-115,1282.04
24,1,0,-187.683,-112,1293.98
25,1,0,-164.189,-107,1287.65
26,1,0,-139.953,-108,1287.03
27,1,0,-133.473,-104,1284.11
28,1,0,-134.461,-94,1258.24
29,1,0,-134.639,-97.5,1195.37
30,1,0,-133.69,-102,1132.37
31,1,0,-136.277,-106,1108.14
32,1,0,-153.808,-116,1080.1
33,1,0,-128.586,-104,936.743
34,1,0,-106.772,-110,929.024
35,1,0,-135.443,-110,928.109
36,1,0,-152.375,-108,930.404
37,1,0,-136.644,-109,893.327
38,1,0,-134.517,-109.5,785.903
39,1,0,-126.878,-110,731.644
40,1,0,-102.255,-107,711.622
41,1,0,-101.97,-111,699.746
42,1,0,-128.17,-115,725.124
43,1,0,-128.424,-110,741.896
44,1,0,-129.359,-114,796.405
45,1,0,-129.651,-112,812.493
46,1,0,-129.742,-112,1014.42
47,1,0,-136.291,-113,1173.46
48,1,0,-132.257,-110,1266.53
49,1,0,-202.499,-113,1449.46
50,1,0,-151.472,-111,1521.02
51,1,0,-150.889,-111,1578.55
52,1,0,-145.037,-111.33,1576.33
53,1,0,-142.078,-110,1580.21
54,1,0,-135.103,-111,1584.11
55,1,0,-137.404,-109,1575.63
56,1,0,-135.765,-108,1599.34
57,1,0,-140.547,-104,1601.82
58,1,0,-141.379,-109,1599.16
59,1,0,-141.377,-109,1598.9
60,1,0,-141.379,-110,1598.87
61,1,0,-141.39,-109.67,1598.22
62,1,0,-136.654,-111,1545.72
63,1,0,-145.693,-107,1511.53
64,1,0,-144.346,-109,1511.05
65,1,0,-143.576,-112,1506.84
66,1,0,-169.694,-112,1481.83
67,1,0,-140.229,-110,1486.61
68,1,0,-137.947,-106,1485
69,1,0,-137.831,-110,1479.84
70,1,0,-138.537,-109,1488.26
71,1,0,-138.366,-107.5,1490.22
72,1,0,-142.398,-110,1505.38
73,1,0,-114.943,-115,1504.61
74,1,0,-114.935,-111,1503.92
75,1,0,-114.814,-110,1493.22
76,1,0,-114.033,-108.5,1425.92
77,1,0,-113.667,-108,1395.43
78,1,0,-135.108,-110,1373.19
79,1,0,-114.881,-105,1499.06
80,1,0,-114.923,-107,1502.79
81,1,0,-116.843,-108.5,1683.09
82,1,0,-117.631,-109,1763.23
83,1,0,-117.191,-108.33,1718.05
84,1,0,-138.109,-111,1682.43
85,1,0,-116.97,-111,1695.74
86,1,0,-116.692,-107.5,1668.19
87,1,0,-138.148,-111.5,1450.48
88,1,0,-142.562,-112,1401.92
89,1,0,-116.41,-112,1640.62
90,1,0,-116.426,-107.41,1642.23
91,1,0,-116.994,-99,1698.19
92,1,0,-138.801,-98.5,1708.98
93,1,0,-140.811,-99,1750.73
94,1,0,-141.698,-98,1807.95
95,1,0,-141.638,-98.5,1808.49
96,1,0,-141.921,-96,1810.95
97,1,0,-119.207,-99,1935.04
98,1,0,-119.487,-95,1967.29
99,1,0,-138.338,-99,1960
100,1,0,-119.297,-101,1945.43
101,1,0,-118.624,-100,1869.67
102,1,0,-117.208,-106,1719.79
103,1,0,-135.127,-104,1574.12
104,1,0,-114.64,-104,1477.98
105,1,0,-113.779,-102,1404.74
106,1,0,-113.81,-101.5,1407.26
107,1,0,-100.487,-102,641.128
108,1,0,-99.1769,-102,593.431
109,1,0,-97.9998,-102,553.611
110,1,0,-95.5094,-105,477.946
111,1,0,-94.0672,-104,438.954
112,1,0,-95.7979,-95.5,486.153
113,1,0,-96.4316,-101,504.677
114,1,0,-98.4008,-94,566.865
115,1,0,-152.046,-88,658.468
116,1,0,-122.318,-100,579.055
117,1,0,-143.461,-93,556.304
118,1,0,-97.6165,-83,541.228
119,1,0,-97.8354,-83.6,548.266
120,1,0,-122.727,-77.67,567.897
121,1,0,-124.501,-81,592.425
122,1,0,-119.636,-77,650.605
123,1,0,-129.617,-77.5,811.117
124,1,0,-125.049,-82.5,676.148
125,1,0,-96.9202,-86,519.442
126,1,0,-94.6603,-85,454.589
127,1,0,-93.1157,-78,414.987
128,1,0,-91.1637,-78,369.836
129,1,0,-87.2578,-76,293.703
130,1,0,-83.6355,-77,237.179
131,1,0,-81.623,-77,210.621
132,1,0,-67.3779,-76,90.8716
133,1,0,-53.4068,-76.5,39.8456
134,1,0,-47.0247,-79,27.3413
135,1,0,-48.4059,-79.33,29.6631
136,1,0,-47.3032,-80.29,27.7943
137,1,0,-43.6356,-77.8,22.3854
138,1,0,-40.6867,-61,18.81
139,1,0,-40.0532,-59,18.1199
140,1,0,-41.3321,-50,19.5402
141,1,0,-46.7103,-51,26.8387
142,1,0,-52.8339,-50.5,38.521
143,1,0,-55.4114,-51,44.849
144,1,0,-56.1502,-52,46.8476
145,1,0,-55.2472,-52,44.4166
146,1,0,-54.6216,-52,42.8068
0,1,0,-53.1415,-95.5,39.2265
1,1,0,-66.9678,-103,88.699
2,1,0,-74.7637,-103,140.511
3,1,0,-79.448,-99,185.251
4,1,0,-80.0756,-98,192.24
5,1,0,-80.0791,-100.5,192.28
6,1,0,-80.9918,-109,202.92
7,1,0,-82.1662,-97,217.481
8,1,0,-90.4125,-95,353.8
9,1,0,-121.729,-93.5,555.795
10,1,0,-123.796,-103,628.706
11,1,0,-126.084,-98.5,721.555
12,1,0,-128.071,-96,729.13
13,1,0,-127.83,-112,714.362
14,1,0,-123.91,-117,644.784
15,1,0,-158.599,-105,865.428
16,1,0,-133.342,-110,995.177
17,1,0,-134.076,-108,1039.05
18,1,0,-134.797,-114,1086.2
19,1,0,-135.176,-115,1111.25
20,1,0,-136.975,-111,1231.76
21,1,0,-137.273,-115,1252.38
22,1,0,-137.33,-112,1256.32
23,1,0,-163.082,-115,1282.04
24,1,0,-187.683,-112,1293.98
25,1,0,-164.189,-107,1287.65
26,1,0,-139.953,-108,1287.03
27,1,0,-133.473,-104,1284.11
28,1,0,-134.461,-94,1258.24
29,1,0,-134.639,-97.5,1195.37
30,1,0,-133.69,-102,1132.37
31,1,0,-136.277,-106,1108.14
32,1,0,-153.808,-116,1080.1
33,1,0,-128.586,-104,936.743
34,1,0,-106.772,-110,929.024
35,1,0,-135.443,-110,928.109
36,1,0,-152.375,-108,930.404
37,1,0,-136.644,-109,893.327
38,1,0,-134.517,-109.5,785.903
39,1,0,-126.878,-110,731.644
40,1,0,-102.255,-107,711.622
41,1,0,-101.97,-111,699.746
42,1,0,-128.17,-115,725.124
43,1,0,-128.424,-110,741.896
44,1,0,-129.359,-114,796.405
45,1,0,-129.651,-112,812.493
46,1,0,-129.742,-112,1014.42
47,1,0,-136.291,-113,1173.46
48,1,0,-132.257,-110,1266.53
49,1,0,-202.499,-113,1449.46
50,1,0,-151.472,-111,1521.02
51,1,0,-150.889,-111,1578.55
52,1,0,-145.037,-111.33,1576.33
53,1,0,-142.078,-110,1580.21
54,1,0,-135.103,-111,1584.11
55,1,0,-137.404,-109,1575.63
56,1,0,-135.765,-108,1599.34
57,1,0,-140.547,-104,1601.82
58,1,0,-141.379,-109,1599.16
59,1,0,-141.377,-109,1598.9
60,1,0,-141.379,-110,1598.87
61,1,0,-141.39,-109.67,1598.22
62,1,0,-136.654,-111,1545.72
63,1,0,-145.693,-107,1511.53
64,1,0,-144.346,-109,1511.05
65,1,0,-143.576,-112,1506.84
66,1,0,-169.694,-112,1481.83
67,1,0,-140.229,-110,1486.61
68,1,0,-137.947,-106,1485
69,1,0,-137.831,-110,1479.84
70,1,0,-138.537,-109,1488.26
71,1,0,-138.366,-107.5,1490.22
72,1,0,-142.398,-110,1505.38
73,1,0,-114.943,-115,1504.61
74,1,0,-114.935,-111,1503.92
75,1,0,-114.814,-110,1493.22
76,1,0,-114.033,-108.5,1425.92
77,1,0,-113.667,-108,1395.43
78,1,0,-135.108,-110,1373.19
79,1,0,-114.881,-105,1499.06
80,1,0,-114.923,-107,1502.79
81,1,0,-116.843,-108.5,1683.09
82,1,0,-117.631,-109,1763.23
83,1,0,-117.191,-108.33,1718.05
84,1,0,-138.109,-111,1682.43
85,1,0,-116.97,-111,1695.74
86,1,0,-116.692,-107.5,1668.19
87,1,0,-138.148,-111.5,1450.48
88,1,0,-142.562,-112,1401.92
89,1,0,-116.41,-112,1640.62
90,1,0,-116.426,-107.41,1642.23
91,1,0,-116.994,-99,1698.19
92,1,0,-138.801,-98.5,1708.98
93,1,0,-140.811,-99,1750.73
94,1,0,-141.698,-98,1807.95
95,1,0,-141.638,-98.5,1808.49
96,1,0,-141.921,-96,1810.95
97,1,0,-119.207,-99,1935.04
98,1,0,-119.487,-95,1967.29
99,1,0,-138.338,-99,1960
100,1,0,-119.297,-101,1945.43
101,1,0,-118.624,-100,1869.67
102,1,0,-117.208,-106,1719.79
103,1,0,-135.127,-104,1574.12
104,1,0,-114.64,-104,1477.98
105,1,0,-113.779,-102,1404.74
106,1,0,-113.81,-101.5,1407.26
107,1,0,-100.487,-102,641.128
108,1,0,-99.1769,-102,593.431
109,1,0,-97.9998,-102,553.611
110,1,0,-95.5094,-105,477.946
111,1,0,-94.0672,-104,438.954
112,1,0,-95.7979,-95.5,486.153
113,1,0,-96.4316,-101,504.677
114,1,0,-98.4008,-94,566.865
115,1,0,-152.046,-88,658.468
116,1,0,-122.318,-100,579.055
117,1,0,-143.461,-93,556.304
118,1,0,-97.6165,-83,541.228
119,1,0,-97.8354,-83.6,548.266
120,1,0,-122.727,-77.67,567.897
121,1,0,-124.501,-81,592.425
122,1,0,-119.636,-77,650.605
123,1,0,-129.617,-77.5,811.117
124,1,0,-125.049,-82.5,676.148
125,1,0,-96.9202,-86,519.442
126,1,0,-94.6603,-85,454.589
127,1,0,-93.1157,-78,414.987
128,1,0,-91.1637,-78,369.836
129,1,0,-87.2578,-76,293.703
130,1,0,-83.6355,-77,237.179
131,1,0,-81.623,-77,210.621
132,1,0,-67.3779,-76,90.8716
133,1,0,-53.4068,-76.5,39.8456
134,1,0,-47.0247,-79,27.3413
135,1,0,-48.4059,-79.33,29.6631
136,1,0,-47.3032,-80.29,27.7943
137,1,0,-43.6356,-77.8,22.3854
138,1,0,-40.6867,-61,18.81
139,1,0,-40.0532,-59,18.1199
140,1,0,-41.3321,-50,19.5402
141,1,0,-46.7103,-51,26.8387
142,1,0,-52.8339,-50.5,38.521
143,1,0,-55.4114,-51,44.849
144,1,0,-56.1502,-52,46.8476
145,1,0,-55.2472,-52,44.4166
146,1,0,-54.6216,-52,42.8068
0,1,0,-53.1415,-95.5,39.2265
1,1,0,-66.9678,-103,88.699
2,1,0,-74.7637,-103,140.511
3,1,0,-79.448,-99,185.251
4,1,0,-80.0756,-98,192.24
5,1,0,-80.0791,-100.5,192.28
6,1,0,-80.9918,-109,202.92
7,1,0,-82.1662,-97,217.481
8,1,0,-90.4125,-95,353.8
9,1,0,-121.729,-93.5,555.795
10,1,0,-123.796,-103,628.706
11,1,0,-126.084,-98.5,721.555
12,1,0,-128.071,-96,729.13
13,1,0,-127.83,-112,714.362
14,1,0,-123.91,-117,644.784
15,1,0,-158.599,-105,865.428
16,1,0,-133.342,-110,995.177
17,1,0,-134.076,-108,1039.05
18,1,0,-134.797,-114,1086.2
19,1,0,-135.176,-115,1111.25
20,1,0,-136.975,-111,1231.76
21,1,0,-137.273,-115,1252.38
22,1,0,-137.33,-112,1256.32
23,1,0,-163.082,-115,1282.04
24,1,0,-187.683,-112,1293.98
25,1,0,-164.189,-107,1287.65
26,1,0,-139.953,-108,1287.03
27,1,0,-133.473,-104,1284.11
28,1,0,-134.461,-94,1258.24
29,1,0,-134.639,-97.5,1195.37
30,1,0,-133.69,-102,1132.37
31,1,0,-136.277,-106,1108.14
32,1,0,-153.808,-116,1080.1
33,1,0,-128.586,-104,936.743
34,1,0,-106.772,-110,929.024
35,1,0,-135.443,-110,928.109
36,1,0,-152.375,-108,930.404
37,1,0,-136.644,-109,893.327
38,1,0,-134.517,-109.5,785.903
39,1,0,-126.878,-110,731.644
40,1,0,-102.255,-107,711.622
41,1,0,-101.97,-111,699.746
42,1,0,-128.17,-115,725.124
43,1,0,-128.424,-110,741.896
44,1,0,-129.359,-114,796.405
45,1,0,-129.651,-112,812.493
46,1,0,-129.742,-112,1014.42
47,1,0,-136.291,-113,1173.46
48,1,0,-132.257,-110,1266.53
49,1,0,-202.499,-113,1449.46
50,1,0,-151.472,-111,1521.02
51,1,0,-150.889,-111,1578.55
52,1,0,-145.037,-111.33,1576.33
53,1,0,-142.078,-110,1580.21
54,1,0,-135.103,-111,1584.11
55,1,0,-137.404,-109,1575.63
56,1,0,-135.765,-108,1599.34
57,1,0,-140.547,-104,1601.82
58,1,0,-141.379,-109,1599.16
59,1,0,-141.377,-109,1598.9
60,1,0,-141.379,-110,1598.87
61,1,0,-141.39,-109.67,1598.22
62,1,0,-136.654,-111,1545.72
63,1,0,-145.693,-107,1511.53
64,1,0,-144.346,-109,1511.05
65,1,0,-143.576,-112,1506.84
66,1,0,-169.694,-112,1481.83
67,1,0,-140.229,-110,1486.61
68,1,0,-137.947,-106,1485
69,1,0,-137.831,-110,1479.84
70,1,0,-138.537,-109,1488.26
71,1,0,-138.366,-107.5,1490.22
72,1,0,-142.398,-110,1505.38
73,1,0,-114.943,-115,1504.61
74,1,0,-114.935,-111,1503.92
75,1,0,-114.814,-110,1493.22
76,1,0,-114.033,-108.5,1425.92
77,1,0,-113.667,-108,1395.43
78,1,0,-135.108,-110,1373.19
79,1,0,-114.881,-105,1499.06
80,1,0,-114.923,-107,1502.79
81,1,0,-116.843,-108.5,1683.09
82,1,0,-117.631,-109,1763.23
83,1,0,-117.191,-108.33,1718.05
84,1,0,-138.109,-111,1682.43
85,1,0,-116.97,-111,1695.74
86,1,0,-116.692,-107.5,1668.19
87,1,0,-138.148,-111.5,1450.48
88,1,0,-142.562,-112,1401.92
89,1,0,-116.41,-112,1640.62
90,1,0,-116.426,-107.41,1642.23
91,1,0,-116.994,-99,1698.19
92,1,0,-138.801,-98.5,1708.98
93,1,0,-140.811,-99,1750.73
94,1,0,-141.698,-98,1807.95
95,1,0,-141.638,-98.5,1808.49
96,1,0,-141.921,-96,1810.95
97,1,0,-119.207,-99,1935.04
98,1,0,-119.487,-95,1967.29
99,1,0,-138.338,-99,1960
100,1,0,-119.297,-101,1945.43
101,1,0,-118.624,-100,1869.67
102,1,0,-117.208,-106,1719.79
103,1,0,-135.127,-104,1574.12
104,1,0,-114.64,-104,1477.98
105,1,0,-113.779,-102,1404.74
106,1,0,-113.81,-101.5,1407.26
107,1,0,-100.487,-102,641.128
108,1,0,-99.1769,-102,593.431
109,1,0,-97.9998,-102,553.611
110,1,0,-95.5094,-105,477.946
111,1,0,-94.0672,-104,438.954
112,1,0,-95.7979,-95.5,486.153
113,1,0,-96.4316,-101,504.677
114,1,0,-98.4008,-94,566.865
115,1,0,-152.046,-88,658.468
116,1,0,-122.318,-100,579.055
117,1,0,-143.461,-93,556.304
118,1,0,-97.6165,-83,541.228
119,1,0,-97.8354,-83.6,548.266
120,1,0,-122.727,-77.67,567.897
121,1,0,-124.501,-81,592.425
122,1,0,-119.636,-77,650.605
123,1,0,-129.617,-77.5,811.117
124,1,0,-125.049,-82.5,676.148
125,1,0,-96.9202,-86,519.442
126,1,0,-94.6603,-85,454.589
127,1,0,-93.1157,-78,414.987
128,1,0,-91.1637,-78,369.836
129,1,0,-87.2578,-76,293.703
130,1,0,-83.6355,-77,237.179
131,1,0,-81.623,-77,210.621
132,1,0,-67.3779,-76,90.8716
133,1,0,-53.4068,-76.5,39.8456
134,1,0,-47.0247,-79,27.3413
135,1,0,-48.4059,-79.33,29.6631
136,1,0,-47.3032,-80.29,27.7943
137,1,0,-43.6356,-77.8,22.3854
138,1,0,-40.6867,-61,18.81
139,1,0,-40.0532,-59,18.1199
140,1,0,-41.3321,-50,19.5402
141,1,0,-46.7103,-51,26.8387
142,1,0,-52.8339,-50.5,38.521
143,1,0,-55.4114,-51,44.849
144,1,0,-56.1502,-52,46.8476
145,1,0,-55.2472,-52,44.4166
146,1,0,-54.6216,-52,42.8068
0,1,0,-53.1415,-95.5,39.2265
1,1,0,-66.9678,-103,88.699
2,1,0,-74.7637,-103,140.511
3,1,0,-79.448,-99,185.251
4,1,0,-80.0756,-98,192.24
5,1,0,-80.0791,-100.5,192.28
6,1,0,-80.9918,-109,202.92
7,1,0,-82.1662,-97,217.481
8,1,0,-90.4125,-95,353.8
9,1,0,-121.729,-93.5,555.795
10,1,0,-123.796,-103,628.706
11,1,0,-126.084,-98.5,721.555
12,1,0,-128.071,-96,729.13
13,1,0,-127.83,-112,714.362
14,1,0,-123.91,-117,644.784
15,1,0,-158.599,-105,865.428
16,1,0,-133.342,-110,995.177
17,1,0,-134.076,-108,1039.05
18,1,0,-134.797,-114,1086.2
19,1,0,-135.176,-115,1111.25
20,1,0,-136.975,-111,1231.76
21,1,0,-137.273,-115,1252.38
22,1,0,-137.33,-112,1256.32
23,1,0,-163.082,-115,1282.04
24,1,0,-187.683,-112,1293.98
25,1,0,-164.189,-107,1287.65
26,1,0,-139.953,-108,1287.03
27,1,0,-133.473,-104,1284.11
28,1,0,-134.461,-94,1258.24
29,1,0,-134.639,-97.5,1195.37
30,1,0,-133.69,-102,1132.37
31,1,0,-136.277,-106,1108.14
32,1,0,-153.808,-116,1080.1
33,1,0,-128.586,-104,936.743
34,1,0,-106.772,-110,929.024
35,1,0,-135.443,-110,928.109
36,1,0,-152.375,-108,930.404
37,1,0,-136.644,-109,893.327
38,1,0,-134.517,-109.5,785.903
39,1,0,-126.878,-110,731.644
40,1,0,-102.255,-107,711.622
41,1,0,-101.97,-111,699.746
42,1,0,-128.17,-115,725.124
43,1,0,-128.424,-110,741.896
44,1,0,-129.359,-114,796.405
45,1,0,-129.651,-112,812.493
46,1,0,-129.742,-112,1014.42
47,1,0,-136.291,-113,1173.46
48,1,0,-132.257,-110,1266.53
49,1,0,-202.499,-113,1449.46
50,1,0,-151.472,-111,1521.02
51,1,0,-150.889,-111,1578.55
52,1,0,-145.037,-111.33,1576.33
53,1,0,-142.078,-110,1580.21
54,1,0,-135.103,-111,1584.11
55,1,0,-137.404,-109,1575.63
56,1,0,-135.765,-108,1599.34
57,1,0,-140.547,-104,1601.82
58,1,0,-141.379,-109,1599.16
59,1,0,-141.377,-109,1598.9
60,1,0,-141.379,-110,1598.87
61,1,0,-141.39,-109.67,1598.22
62,1,0,-136.654,-111,1545.72
63,1,0,-145.693,-107,1511.53
64,1,0,-144.346,-109,1511.05
65,1,0,-143.576,-112,1506.84
66,1,0,-169.694,-112,1481.83
67,1,0,-140.229,-110,1486.61
68,1,0,-137.947,-106,1485
69,1,0,-137.831,-110,1479.84
70,1,0,-138.537,-109,1488.26
71,1,0,-138.366,-107.5,1490.22
72,1,0,-142.398,-110,1505.38
73,1,0,-114.943,-115,1504.61
74,1,0,-114.935,-111,1503.92
75,1,0,-114.814,-110,1493.22
76,1,0,-114.033,-108.5,1425.92
77,1,0,-113.667,-108,1395.43
78,1,0,-135.108,-110,1373.19
79,1,0,-114.881,-105,1499.06
80,1,0,-114.923,-107,1502.79
81,1,0,-116.843,-108.5,1683.09
82,1,0,-117.631,-109,1763.23
83,1,0,-117.191,-108.33,1718.05
84,1,0,-138.109,-111,1682.43
85,1,0,-116.97,-111,1695.74
86,1,0,-116.692,-107.5,1668.19
87,1,0,-138.148,-111.5,1450.48
88,1,0,-142.562,-112,1401.92
89,1,0,-116.41,-112,1640.62
90,1,0,-116.426,-107.41,1642.23
91,1,0,-116.994,-99,1698.19
92,1,0,-138.801,-98.5,1708.98
93,1,0,-140.811,-99,1750.73
94,1,0,-141.698,-98,1807.95
95,1,0,-141.638,-98.5,1808.49
96,1,0,-141.921,-96,1810.95
97,1,0,-119.207,-99,1935.04
98,1,0,-119.487,-95,1967.29
99,1,0,-138.338,-99,1960
100,1,0,-119.297,-101,1945.43
101,1,0,-118.624,-100,1869.67
102,1,0,-117.208,-106,1719.79
103,1,0,-135.127,-104,1574.12
104,1,0,-114.64,-104,1477.98
105,1,0,-113.779,-102,1404.74
106,1,0,-113.81,-101.5,1407.26
107,1,0,-100.487,-102,641.128
108,1,0,-99.1769,-102,593.431
109,1,0,-97.9998,-102,553.611
110,1,0,-95.5094,-105,477.946
111,1,0,-94.0672,-104,438.954
112,1,0,-95.7979,-95.5,486.153
113,1,0,-96.4316,-101,504.677
114,1,0,-98.4008,-94,566.865
115,1,0,-152.046,-88,658.468
116,1,0,-122.318,-100,579.055
117,1,0,-143.461,-93,556.304
118,1,0,-97.6165,-83,541.228
119,1,0,-97.8354,-83.6,548.266
120,1,0,-122.727,-77.67,567.897
121,1,0,-124.501,-81,592.425
122,1,0,-119.636,-77,650.605
123,1,0,-129.617,-77.5,811.117
124,1,0,-125.049,-82.5,676.148
125,1,0,-96.9202,-86,519.442
126,1,0,-94.6603,-85,454.589
127,1,0,-93.1157,-78,414.987
128,1,0,-91.1637,-78,369.836
129,1,0,-87.2578,-76,293.703
130,1,0,-83.6355,-77,237.179
131,1,0,-81.623,-77,210.621
132,1,0,-67.3779,-76,90.8716
133,1,0,-53.4068,-76.5,39.8456
134,1,0,-47.0247,-79,27.3413
135,1,0,-48.4059,-79.33,29.6631
136,1,0,-47.3032,-80.29,27.7943
137,1,0,-43.6356,-77.8,22.3854
138,1,0,-40.6867,-61,18.81
139,1,0,-40.0532,-59,18.1199
140,1,0,-41.3321,-50,19.5402
141,1,0,-46.7103,-51,26.8387
142,1,0,-52.8339,-50.5,38.521
143,1,0,-55.4114,-51,44.849
144,1,0,-56.1502,-52,46.8476
145,1,0,-55.2472,-52,44.4166
146,1,0,-54.6216,-52,42.8068
0,1,0,-53.1415,-95.5,39.2265
1,1,0,-66.9678,-103,88.699
2,1,0,-74.7637,-103,140.511
3,1,0,-79.448,-99,185.251
4,1,0,-80.0756,-98,192.24
5,1,0,-80.0791,-100.5,192.28
6,1,0,-80.9918,-109,202.92
7,1,0,-82.1662,-97,217.481
8,1,0,-90.4125,-95,353.8
9,1,0,-121.729,-93.5,555.795
10,1,0,-123.796,-103,628.706
11,1,0,-126.084,-98.5,721.555
12,1,0,-128.071,-96,729.13
13,1,0,-127.83,-112,714.362
14,1,0,-123.91,-117,644.784
15,1,0,-158.599,-105,865.428
16,1,0,-133.342,-110,995.177
17,1,0,-134.076,-108,1039.05
18,1,0,-134.797,-114,1086.2
19,1,0,-135.176,-115,1111.25
20,1,0,-136.975,-111,1231.76
21,1,0,-137.273,-115,1252.38
22,1,0,-137.33,-112,1256.32
23,1,0,-163.082,-115,1282.04
24,1,0,-187.683,-112,1293.98
25,1,0,-164.189,-107,1287.65
26,1,0,-139.953,-108,1287.03
27,1,0,-133.473,-104,1284.11
28,1,0,-134.461,-94,1258.24
29,1,0,-134.639,-97.5,1195.37
30,1,0,-133.69,-102,1132.37
31,1,0,-136.277,-106,1108.14
32,1,0,-153.808,-116,1080.1
33,1,0,-128.586,-104,936.743
34,1,0,-106.772,-110,929.024
35,1,0,-135.443,-110,928.109
36,1,0,-152.375,-108,930.404
37,1,0,-136.644,-109,893.327
38,1,0,-134.517,-109.5,785.903
39,1,0,-126.878,-110,731.644
40,1,0,-102.255,-107,711.622
41,1,0,-101.97,-111,699.746
42,1,0,-128.17,-115,725.124
43,1,0,-128.424,-110,741.896
44,1,0,-129.359,-114,796.405
45,1,0,-129.651,-112,812.493
46,1,0,-129.742,-112,1014.42
47,1,0,-136.291,-113,1173.46
48,1,0,-132.257,-110,1266.53
49,1,0,-202.499,-113,1449.46
50,1,0,-151.472,-111,1521.02
51,1,0,-150.889,-111,1578.55
52,1,0,-145.037,-111.33,1576.33
53,1,0,-142.078,-110,1580.21
54,1,0,-135.103,-111,1584.11
55,1,0,-137.404,-109,1575.63
56,1,0,-135.765,-108,1599.34
57,1,0,-140.547,-104,1601.82
58,1,0,-141.379,-109,1599.16
59,1,0,-141.377,-109,1598.9
60,1,0,-141.379,-110,1598.87
61,1,0,-141.39,-109.67,1598.22
62,1,0,-136.654,-111,1545.72
63,1,0,-145.693,-107,1511.53
64,1,0,-144.346,-109,1511.05
65,1,0,-143.576,-112,1506.84
66,1,0,-169.694,-112,1481.83
67,1,0,-140.229,-110,1486.61
68,1,0,-137.947,-106,1485
69,1,0,-137.831,-110,1479.84
70,1,0,-138.537,-109,1488.26
71,1,0,-138.366,-107.5,1490.22
72,1,0,-142.398,-110,1505.38
73,1,0,-114.943,-115,1504.61
74,1,0,-114.935,-111,1503.92
75,1,0,-114.814,-110,1493.22
76,1,0,-114.033,-108.5,1425.92
77,1,0,-113.667,-108,1395.43
78,1,0,-135.108,-110,1373.19
79,1,0,-114.881,-105,1499.06
80,1,0,-114.923,-107,1502.79
81,1,0,-116.843,-108.5,1683.09
82,1,0,-117.631,-109,1763.23
83,1,0,-117.191,-108.33,1718.05
84,1,0,-138.109,-111,1682.43
85,1,0,-116.97,-111,1695.74
86,1,0,-116.692,-107.5,1668.19
87,1,0,-138.148,-111.5,1450.48
88,1,0,-142.562,-112,1401.92
89,1,0,-116.41,-112,1640.62
90,1,0,-116.426,-107.41,1642.23
91,1,0,-116.994,-99,1698.19
92,1,0,-138.801,-98.5,1708.98
93,1,0,-140.811,-99,1750.73
94,1,0,-141.698,-98,1807.95
95,1,0,-141.638,-98.5,1808.49
96,1,0,-141.921,-96,1810.95
97,1,0,-119.207,-99,1935.04
98,1,0,-119.487,-95,1967.29
99,1,0,-138.338,-99,1960
100,1,0,-119.297,-101,1945.43
101,1,0,-118.624,-100,1869.67
102,1,0,-117.208,-106,1719.79
103,1,0,-135.127,-104,1574.12
104,1,0,-114.64,-104,1477.98
105,1,0,-113.779,-102,1404.74
106,1,0,-113.81,-101.5,1407.26
107,1,0,-100.487,-102,641.128
108,1,0,-99.1769,-102,593.431
109,1,0,-97.9998,-102,553.611
110,1,0,-95.5094,-105,477.946
111,1,0,-94.0672,-104,438.954
112,1,0,-95.7979,-95.5,486.153
113,1,0,-96.4316,-101,504.677
114,1,0,-98.4008,-94,566.865
115,1,0,-152.046,-88,658.468
116,1,0,-122.318,-100,579.055
117,1,0,-143.461,-93,556.304
118,1,0,-97.6165,-83,541.228
119,1,0,-97.8354,-83.6,548.266
120,1,0,-122.727,-77.67,567.897
121,1,0,-124.501,-81,592.425
122,1,0,-119.636,-77,650.605
123,1,0,-129.617,-77.5,811.117
124,1,0,-125.049,-82.5,676.148
125,1,0,-96.9202,-86,519.442
126,1,0,-94.6603,-85,454.589
127,1,0,-93.1157,-78,414.987
128,1,0,-91.1637,-78,369.836
129,1,0,-87.2578,-76,293.703
130,1,0,-83.6355,-77,237.179
131,1,0,-81.623,-77,210.621
132,1,0,-67.3779,-76,90.8716
133,1,0,-53.4068,-76.5,39.8456
134,1,0,-47.0247,-79,27.3413
135,1,0,-48.4059,-79.33,29.6631
136,1,0,-47.3032,-80.29,27.7943
137,1,0,-43.6356,-77.8,22.3854
138,1,0,-40.6867,-61,18.81
139,1,0,-40.0532,-59,18.1199
140,1,0,-41.3321,-50,19.5402
141,1,0,-46.7103,-51,26.8387
142,1,0,-52.8339,-50.5,38.521
143,1,0,-55.4114,-51,44.849
144,1,0,-56.1502,-52,46.8476
145,1,0,-55.2472,-52,44.4166
146,1,0,-54.6216,-52,42.8068
0,1,0,-53.1415,-95.5,39.2265
1,1,0,-66.9678,-103,88.699
2,1,0,-74.7637,-103,140.511
3,1,0,-79.448,-99,185.251
4,1,0,-80.0756,-98,192.24
5,1,0,-80.0791,-100.5,192.28
6,1,0,-80.9918,-109,202.92
7,1,0,-82.1662,-97,217.481
8,1,0,-90.4125,-95,353.8
9,1,0,-121.729,-93.5,555.795
10,1,0,-123.796,-103,628.706
11,1,0,-126.084,-98.5,721.555
12,1,0,-128.071,-96,729.13
13,1,0,-127.83,-112,714.362
14,1,0,-123.91,-117,644.784
15,1,0,-158.599,-105,865.428
16,1,0,-133.342,-110,995.177
17,1,0,-134.076,-108,1039.05
18,1,0,-134.797,-114,1086.2
19,1,0,-135.176,-115,1111.25
20,1,0,-136.975,-111,1231.76
21,1,0,-137.273,-115,1252.38
22,1,0,-137.33,-112,1256.32
23,1,0,-163.082,-115,1282.04
24,1,0,-187.683,-112,1293.98
25,1,0,-164.189,-107,1287.65
26,1,0,-139.953,-108,1287.03
27,1,0,-133.473,-104,1284.11
28,1,0,-134.461,-94,1258.24
29,1,0,-134.639,-97.5,1195.37
30,1,0,-133.69,-102,1132.37
31,1,0,-136.277,-106,1108.14
32,1,0,-153.808,-116,1080.1
33,1,0,-128.586,-104,936.743
34,1,0,-106.772,-110,929.024
35,1,0,-135.443,-110,928.109
36,1,0,-152.375,-108,930.404
37,1,0,-136.644,-109,893.327
38,1,0,-134.517,-109.5,785.903
39,1,0,-126.878,-110,731.644
40,1,0,-102.255,-107,711.622
41,1,0,-101.97,-111,699.746
42,1,0,-128.17,-115,725.124
43,1,0,-128.424,-110,741.896
44,1,0,-129.359,-114,796.405
45,1,0,-129.651,-112,812.493
46,1,0,-129.742,-112,1014.42
47,1,0,-136.291,-113,1173.46
48,1,0,-132.257,-110,1266.53
49,1,0,-202.499,-113,1449.46
50,1,0,-151.472,-111,1521.02
51,1,0,-150.889,-111,1578.55
52,1,0,-145.037,-111.33,1576.33
53,1,0,-142.078,-110,1580.21
54,1,0,-135.103,-111,1584.11
55,1,0,-137.404,-109,1575.63
56,1,0,-135.765,-108,1599.34
57,1,0,-140.547,-104,1601.82
58,1,0,-141.379,-109,1599.16
59,1,0,-141.377,-109,1598.9
60,1,0,-141.379,-110,1598.87
61,1,0,-141.39,-109.67,1598.22
62,1,0,-136.654,-111,1545.72
63,1,0,-145.693,-107,1511.53
64,1,0,-144.346,-109,1511.05
65,1,0,-143.576,-112,1506.84
66,1,0,-169.694,-112,1481.83
67,1,0,-140.229,-110,1486.61
68,1,0,-137.947,-106,1485
69,1,0,-137.831,-110,1479.84
70,1,0,-138.537,-109,1488.26
71,1,0,-138.366,-107.5,1490.22
72,1,0,-142.398,-110,1505.38
73,1,0,-114.943,-115,1504.61
74,1,0,-114.935,-111,1503.92
75,1,0,-114.814,-110,1493.22
76,1,0,-114.033,-108.5,1425.92
77,1,0,-113.667,-108,1395.43
78,1,0,-135.108,-110,1373.19
79,1,0,-114.881,-105,1499.06
80,1,0,-114.923,-107,1502.79
81,1,0,-116.843,-108.5,1683.09
82,1,0,-117.631,-109,1763.23
83,1,0,-117.191,-108.33,1718.05
84,1,0,-138.109,-111,1682.43
85,1,0,-116.97,-111,1695.74
86,1,0,-116.692,-107.5,1668.19
87,1,0,-138.148,-111.5,1450.48
88,1,0,-142.562,-112,1401.92
89,1,0,-116.41,-112,1640.62
90,1,0,-116.426,-107.41,1642.23
91,1,0,-116.994,-99,1698.19
92,1,0,-138.801,-98.5,1708.98
93,1,0,-140.811,-99,1750.73
94,1,0,-141.698,-98,1807.95
95,1,0,-141.638,-98.5,1808.49
96,1,0,-141.921,-96,1810.95
97,1,0,-119.207,-99,1935.04
98,1,0,-119.487,-95,1967.29
99,1,0,-138.338,-99,1960
100,1,0,-119.297,-101,1945.43
101,1,0,-118.624,-100,1869.67
102,1,0,-117.208,-106,1719.79
103,1,0,-135.127,-104,1574.12
104,1,0,-114.64,-104,1477.98
105,1,0,-113.779,-102,1404.74
106,1,0,-113.81,-101.5,1407.26
107,1,0,-100.487,-102,641.128
108,1,0,-99.1769,-102,593.431
109,1,0,-97.9998,-102,553.611
110,1,0,-95.5094,-105,477.946
111,1,0,-94.0672,-104,438.954
112,1,0,-95.7979,-95.5,486.153
113,1,0,-96.4316,-101,504.677
114,1,0,-98.4008,-94,566.865
115,1,0,-152.046,-88,658.468
116,1,0,-122.318,-100,579.055
117,1,0,-143.461,-93,556.304
118,1,0,-97.6165,-83,541.228
119,1,0,-97.8354,-83.6,548.266
120,1,0,-122.727,-77.67,567.897
121,1,0,-124.501,-81,592.425
122,1,0,-119.636,-77,650.605
123,1,0,-129.617,-77.5,811.117
124,1,0,-125.049,-82.5,676.148
125,1,0,-96.9202,-86,519.442
126,1,0,-94.6603,-85,454.589
127,1,0,-93.1157,-78,414.987
128,1,0,-91.1637,-78,369.836
129,1,0,-87.2578,-76,293.703
130,1,0,-83.6355,-77,237.179
131,1,0,-81.623,-77,210.621
132,1,0,-67.3779,-76,90.8716
133,1,0,-53.4068,-76.5,39.8456
134,1,0,-47.0247,-79,27.3413
135,1,0,-48.4059,-79.33,29.6631
136,1,0,-47.3032,-80.29,27.7943
137,1,0,-43.6356,-77.8,22.3854
138,1,0,-40.6867,-61,18.81
139,1,0,-40.0532,-59,18.1199
140,1,0,-41.3321,-50,19.5402
141,1,0,-46.7103,-51,26.8387
142,1,0,-52.8339,-50.5,38.521
143,1,0,-55.4114,-51,44.849
144,1,0,-56.1502,-52,46.8476
145,1,0,-55.2472,-52,44.4166
146,1,0,-54.6216,-52,42.8068
0,1,0,-53.1415,-95.5,39.2265
1,1,0,-66.9678,-103,88.699
2,1,0,-74.7637,-103,140.511
3,1,0,-79.448,-99,185.251
4,1,0,-80.0756,-98,192.24
5,1,0,-80.0791,-100.5,192.28
6,1,0,-80.9918,-109,202.92
7,1,0,-82.1662,-97,217.481
8,1,0,-90.4125,-95,353.8
9,1,0,-121.729,-93.5,555.795
10,1,0,-123.796,-103,628.706
11,1,0,-126.084,-98.5,721.555
12,1,0,-128.071,-96,729.13
13,1,0,-127.83,-112,714.362
14,1,0,-123.91,-117,644.784
15,1,0,-158.599,-105,865.428
16,1,0,-133.342,-110,995.177
17,1,0,-134.076,-108,1039.05
18,1,0,-134.797,-114,1086.2
19,1,0,-135.176,-115,1111.25
20,1,0,-136.975,-111,1231.76
21,1,0,-137.273,-115,1252.38
22,1,0,-137.33,-112,1256.32
23,1,0,-163.082,-115,1282.04
24,1,0,-187.683,-112,1293.98
25,1,0,-164.189,-107,1287.65
26,1,0,-139.953,-108,1287.03
27,1,0,-133.473,-104,1284.11
28,1,0,-134.461,-94,1258.24
29,1,0,-134.639,-97.5,1195.37
30,1,0,-133.69,-102,1132.37
31,1,0,-136.277,-106,1108.14
32,1,0,-153.808,-116,1080.1
33,1,0,-128.586,-104,936.743
34,1,0,-106.772,-110,929.024
35,1,0,-135.443,-110,928.109
36,1,0,-152.375,-108,930.404
37,1,0,-136.644,-109,893.327
38,1,0,-134.517,-109.5,785.903
39,1,0,-126.878,-110,731.644
40,1,0,-102.255,-107,711.622
41,1,0,-101.97,-111,699.746
42,1,0,-128.17,-115,725.124
43,1,0,-128.424,-110,741.896
44,1,0,-129.359,-114,796.405
45,1,0,-129.651,-112,812.493
46,1,0,-129.742,-112,1014.42
47,1,0,-136.291,-113,1173.46
48,1,0,-132.257,-110,1266.53
49,1,0,-202.499,-113,1449.46
50,1,0,-151.472,-111,1521.02
51,1,0,-150.889,-111,1578.55
52,1,0,-145.037,-111.33,1576.33
53,1,0,-142.078,-110,1580.21
54,1,0,-135.103,-111,1584.11
55,1,0,-137.404,-109,1575.63
56,1,0,-135.765,-108,1599.34
57,1,0,-140.547,-104,1601.82
58,1,0,-141.379,-109,1599.16
59,1,0,-141.377,-109,1598.9
60,1,0,-141.379,-110,1598.87
61,1,0,-141.39,-109.67,1598.22
62,1,0,-136.654,-111,1545.72
63,1,0,-145.693,-107,1511.53
64,1,0,-144.346,-109,1511.05
65,1,0,-143.576,-112,1506.84
66,1,0,-169.694,-112,1481.83
67,1,0,-140.229,-110,1486.61
68,1,0,-137.947,-106,1485
69,1,0,-137.831,-110,1479.84
70,1,0,-138.537,-109,1488.26
71,1,0,-138.366,-107.5,1490.22
72,1,0,-142.398,-110,1505.38
73,1,0,-114.943,-115,1504.61
74,1,0,-114.935,-111,1503.92
75,1,0,-114.814,-110,1493.22
76,1,0,-114.033,-108.5,1425.92
77,1,0,-113.667,-108,1395.43
78,1,0,-135.108,-110,1373.19
79,1,0,-114.881,-105,1499.06
80,1,0,-114.923,-107,1502.79
81,1,0,-116.843,-108.5,1683.09
82,1,0,-117.631,-109,1763.23
83,1,0,-117.191,-108.33,1718.05
84,1,0,-138.109,-111,1682.43
85,1,0,-116.97,-111,1695.74
86,1,0,-116.692,-107.5,1668.19
87,1,0,-138.148,-111.5,1450.48
88,1,0,-142.562,-112,1401.92
89,1,0,-116.41,-112,1640.62
90,1,0,-116.426,-107.41,1642.23
91,1,0,-116.994,-99,1698.19
92,1,0,-138.801,-98.5,1708.98
93,1,0,-140.811,-99,1750.73
94,1,0,-141.698,-98,1807.95
95,1,0,-141.638,-98.5,1808.49
96,1,0,-141.921,-96,1810.95
97,1,0,-119.207,-99,1935.04
98,1,0,-119.487,-95,1967.29
99,1,0,-138.338,-99,1960
100,1,0,-119.297,-101,1945.43
101,1,0,-118.624,-100,1869.67
102,1,0,-117.208,-106,1719.79
103,1,0,-135.127,-104,1574.12
104,1,0,-114.64,-104,1477.98
105,1,0,-113.779,-102,1404.74
106,1,0,-113.81,-101.5,1407.26
107,1,0,-100.487,-102,641.128
108,1,0,-99.1769,-102,593.431
109,1,0,-97.9998,-102,553.611
110,1,0,-95.5094,-105,477.946
111,1,0,-94.0672,-104,438.954
112,1,0,-95.7979,-95.5,486.153
113,1,0,-96.4316,-101,504.677
114,1,0,-98.4008,-94,566.865
115,1,0,-152.046,-88,658.468
116,1,0,-122.318,-100,579.055
117,1,0,-143.461,-93,556.304
118,1,0,-97.6165,-83,541.228
119,1,0,-97.8354,-83.6,548.266
120,1,0,-122.727,-77.67,567.897
121,1,0,-124.501,-81,592.425
122,1,0,-119.636,-77,650.605
123,1,0,-129.617,-77.5,811.117
124,1,0,-125.049,-82.5,676.148
125,1,0,-96.9202,-86,519.442
126,1,0,-94.6603,-85,454.589
127,1,0,-93.1157,-78,414.987
128,1,0,-91.1637,-78,369.836
129,1,0,-87.2578,-76,293.703
130,1,0,-83.6355,-77,237.179
131,1,0,-81.623,-77,210.621
132,1,0,-67.3779,-76,90.8716
133,1,0,-53.4068,-76.5,39.8456
134,1,0,-47.0247,-79,27.3413
135,1,0,-48.4059,-79.33,29.6631
136,1,0,-47.3032,-80.29,27.7943
137,1,0,-43.6356,-77.8,22.3854
138,1,0,-40.6867,-61,18.81
139,1,0,-40.0532,-59,18.1199
140,1,0,-41.3321,-50,19.5402
141,1,0,-46.7103,-51,26.8387
142,1,0,-52.8339,-50.5,38.521
143,1,0,-55.4114,-51,44.849
144,1,0,-56.1502,-52,46.8476
145,1,0,-55.2472,-52,44.4166
146,1,0,-54.6216,-52,42.8068
0,1,0,-53.1415,-95.5,39.2265
1,1,0,-66.9678,-103,88.699
2,1,0,-74.7637,-103,140.511
3,1,0,-79.448,-99,185.251
4,1,0,-80.0756,-98,192.24
5,1,0,-80.0791,-100.5,192.28
6,1,0,-80.9918,-109,202.92
7,1,0,-82.1662,-97,217.481
8,1,0,-90.4125,-95,353.8
9,1,0,-121.729,-93.5,555.795
10,1,0,-123.796,-103,628.706
11,1,0,-126.084,-98.5,721.555
12,1,0,-128.071,-96,729.13
13,1,0,-127.83,-112,714.362
14,1,0,-123.91,-117,644.784
15,1,0,-158.599,-105,865.428
16,1,0,-133.342,-110,995.177
17,1,0,-134.076,-108,1039.05
18,1,0,-134.797,-114,1086.2
19,1,0,-135.176,-115,1111.25
20,1,0,-136.975,-111,1231.76
21,1,0,-137.273,-115,1252.38
22,1,0,-137.33,-112,1256.32
23,1,0,-163.082,-115,1282.04
24,1,0,-187.683,-112,1293.98
25,1,0,-164.189,-107,1287.65
26,1,0,-139.953,-108,1287.03
27,1,0,-133.473,-104,1284.11
28,1,0,-134.461,-94,1258.24
29,1,0,-134.639,-97.5,1195.37
30,1,0,-133.69,-102,1132.37
31,1,0,-136.277,-106,1108.14
32,1,0,-153.808,-116,1080.1
33,1,0,-128.586,-104,936.743
34,1,0,-106.772,-110,929.024
35,1,0,-135.443,-110,928.109
36,1,0,-152.375,-108,930.404
37,1,0,-136.644,-109,893.327
38,1,0,-134.517,-109.5,785.903
39,1,0,-126.878,-110,731.644
40,1,0,-102.255,-107,711.622
41,1,0,-101.97,-111,699.746
42,1,0,-128.17,-115,725.124
43,1,0,-128.424,-110,741.896
44,1,0,-129.359,-114,796.405
45,1,0,-129.651,-112,812.493
46,1,0,-129.742,-112,1014.42
47,1,0,-136.291,-113,1173.46
48,1,0,-132.257,-110,1266.53
49,1,0,-202.499,-113,1449.46
50,1,0,-151.472,-111,1521.02
51,1,0,-150.889,-111,1578.55
52,1,0,-145.037,-111.33,1576.33
53,1,0,-142.078,-110,1580.21
54,1,0,-135.103,-111,1584.11
55,1,0,-137.404,-109,1575.63
56,1,0,-135.765,-108,1599.34
57,1,0,-140.547,-104,1601.82
58,1,0,-141.379,-109,1599.16
59,1,0,-141.377,-109,1598.9
60,1,0,-141.379,-110,1598.87
61,1,0,-141.39,-109.67,1598.22
62,1,0,-136.654,-111,1545.72
63,1,0,-145.693,-107,1511.53
64,1,0,-144.346,-109,1511.05
65,1,0,-143.576,-112,1506.84
66,1,0,-169.694,-112,1481.83
67,1,0,-140.229,-110,1486.61
68,1,0,-137.947,-106,1485
69,1,0,-137.831,-110,1479.84
70,1,0,-138.537,-109,1488.26
71,1,0,-138.366,-107.5,1490.22
72,1,0,-142.398,-110,1505.38
73,1,0,-114.943,-115,1504.61
74,1,0,-114.935,-111,1503.92
75,1,0,-114.814,-110,1493.22
76,1,0,-114.033,-108.5,1425.92
77,1,0,-113.667,-108,1395.43
78,1,0,-135.108,-110,1373.19
79,1,0,-114.881,-105,1499.06
80,1,0,-114.923,-107,1502.79
81,1,0,-116.843,-108.5,1683.09
82,1,0,-117.631,-109,1763.23
83,1,0,-117.191,-108.33,1718.05
84,1,0,-138.109,-111,1682.43
85,1,0,-116.97,-111,1695.74
86,1,0,-116.692,-107.5,1668.19
87,1,0,-138.148,-111.5,1450.48
88,1,0,-142.562,-112,1401.92
89,1,0,-116.41,-112,1640.62
90,1,0,-116.426,-107.41,1642.23
91,1,0,-116.994,-99,1698.19
92,1,0,-138.801,-98.5,1708.98
93,1,0,-140.811,-99,1750.73
94,1,0,-141.698,-98,1807.95
95,1,0,-141.638,-98.5,1808.49
96,1,0,-141.921,-96,1810.95
97,1,0,-119.207,-99,1935.04
98,1,0,-119.487,-95,1967.29
99,1,0,-138.338,-99,1960
100,1,0,-119.297,-101,1945.43
101,1,0,-118.624,-100,1869.67
102,1,0,-117.208,-106,1719.79
103,1,0,-135.127,-104,1574.12
104,1,0,-114.64,-104,1477.98
105,1,0,-113.779,-102,1404.74
106,1,0,-113.81,-101.5,1407.26
107,1,0,-100.487,-102,641.128
108,1,0,-99.1769,-102,593.431
109,1,0,-97.9998,-102,553.611
110,1,0,-95.5094,-105,477.946
111,1,0,-94.0672,-104,438.954
112,1,0,-95.7979,-95.5,486.153
113,1,0,-96.4316,-101,504.677
114,1,0,-98.4008,-94,566.865
115,1,0,-152.046,-88,658.468
116,1,0,-122.318,-100,579.055
117,1,0,-143.461,-93,556.304
118,1,0,-97.6165,-83,541.228
119,1,0,-97.8354,-83.6,548.266
120,1,0,-122.727,-77.67,567.897
121,1,0,-124.501,-81,592.425
122,1,0,-119.636,-77,650.605
123,1,0,-129.617,-77.5,811.117
124,1,0,-125.049,-82.5,676.148
125,1,0,-96.9202,-86,519.442
126,1,0,-94.6603,-85,454.589
127,1,0,-93.1157,-78,414.987
128,1,0,-91.1637,-78,369.836
129,1,0,-87.2578,-76,293.703
130,1,0,-83.6355,-77,237.179
131,1,0,-81.623,-77,210.621
132,1,0,-67.3779,-76,90.8716
133,1,0,-53.4068,-76.5,39.8456
134,1,0,-47.0247,-79,27.3413
135,1,0,-48.4059,-79.33,29.6631
136,1,0,-47.3032,-80.29,27.7943
137,1,0,-43.6356,-77.8,22.3854
138,1,0,-40.6867,-61,18.81
139,1,0,-40.0532,-59,18.1199
140,1,0,-41.3321,-50,19.5402
141,1,0,-46.7103,-51,26.8387
142,1,0,-52.8339,-50.5,38.521
143,1,0,-55.4114,-51,44.849
144,1,0,-56.1502,-52,46.8476
145,1,0,-55.2472,-52,44.4166
146,1,0,-54.6216,-52,42.8068
0,1,0,-53.1415,-95.5,39.2265
1,1,0,-66.9678,-103,88.699
2,1,0,-74.7637,-103,140.511
3,1,0,-79.448,-99,185.251
4,1,0,-80.0756,-98,192.24
5,1,0,-80.0791,-100.5,192.28
6,1,0,-80.9918,-109,202.92
7,1,0,-82.1662,-97,217.481
8,1,0,-90.4125,-95,353.8
9,1,0,-121.729,-93.5,555.795
10,1,0,-123.796,-103,628.706
11,1,0,-126.084,-98.5,721.555
12,1,0,-128.071,-96,729.13
13,1,0,-127.83,-112,714.362
14,1,0,-123.91,-117,644.784
15,1,0,-158.599,-105,865.428
16,1,0,-133.342,-110,995.177
17,1,0,-134.076,-108,1039.05
18,1,0,-134.797,-114,1086.2
19,1,0,-135.176,-115,1111.25
20,1,0,-136.975,-111,1231.76
21,1,0,-137.273,-115,1252.38
22,1,0,-137.33,-112,1256.32
23,1,0,-163.082,-115,1282.04
24,1,0,-187.683,-112,1293.98
25,1,0,-164.189,-107,1287.65
26,1,0,-139.953,-108,1287.03
27,1,0,-133.473,-104,1284.11
28,1,0,-134.461,-94,1258.24
29,1,0,-134.639,-97.5,1195.37
30,1,0,-133.69,-102,1132.37
31,1,0,-136.277,-106,1108.14
32,1,0,-153.808,-116,1080.1
33,1,0,-128.586,-104,936.743
34,1,0,-106.772,-110,929.024
35,1,0,-135.443,-110,928.109
36,1,0,-152.375,-108,930.404
37,1,0,-136.644,-109,893.327
38,1,0,-134.517,-109.5,785.903
39,1,0,-126.878,-110,731.644
40,1,0,-102.255,-107,711.622
41,1,0,-101.97,-111,699.746
42,1,0,-128.17,-115,725.124
43,1,0,-128.424,-110,741.896
44,1,0,-129.359,-114,796.405
45,1,0,-129.651,-112,812.493
46,1,0,-129.742,-112,1014.42
47,1,0,-136.291,-113,1173.46
48,1,0,-132.257,-110,1266.53
49,1,0,-202.499,-113,1449.46
50,1,0,-151.472,-111,1521.02
51,1,0,-150.889,-111,1578.55
52,1,0,-145.037,-111.33,1576.33
53,1,0,-142.078,-110,1580.21
54,1,0,-135.103,-111,1584.11
55,1,0,-137.404,-109,1575.63
56,1,0,-135.765,-108,1599.34
57,1,0,-140.547,-104,1601.82
58,1,0,-141.379,-109,1599.16
59,1,0,-141.377,-109,1598.9
60,1,0,-141.379,-110,1598.87
61,1,0,-141.39,-109.67,1598.22
62,1,0,-136.654,-111,1545.72
63,1,0,-145.693,-107,1511.53
64,1,0,-144.346,-109,1511.05
65,1,0,-143.576,-112,1506.84
66,1,0,-169.694,-112,1481.83
67,1,0,-140.229,-110,1486.61
68,1,0,-137.947,-106,1485
69,1,0,-137.831,-110,1479.84
70,1,0,-138.537,-109,1488.26
71,1,0,-138.366,-107.5,1490.22
72,1,0,-142.398,-110,1505.38
73,1,0,-114.943,-115,1504.61
74,1,0,-114.935,-111,1503.92
75,1,0,-114.814,-110,1493.22
76,1,0,-114.033,-108.5,1425.92
77,1,0,-113.667,-108,1395.43
78,1,0,-135.108,-110,1373.19
79,1,0,-114.881,-105,1499.06
80,1,0,-114.923,-107,1502.79
81,1,0,-116.843,-108.5,1683.09
82,1,0,-117.631,-109,1763.23
83,1,0,-117.191,-108.33,1718.05
84,1,0,-138.109,-111,1682.43
85,1,0,-116.97,-111,1695.74
86,1,0,-116.692,-107.5,1668.19
87,1,0,-138.148,-111.5,1450.48
88,1,0,-142.562,-112,1401.92
89,1,0,-116.41,-112,1640.62
90,1,0,-116.426,-107.41,1642.23
91,1,0,-116.994,-99,1698.19
92,1,0,-138.801,-98.5,1708.98
93,1,0,-140.811,-99,1750.73
94,1,0,-141.698,-98,1807.95
95,1,0,-141.638,-98.5,1808.49
96,1,0,-141.921,-96,1810.95
97,1,0,-119.207,-99,1935.04
98,1,0,-119.487,-95,1967.29
99,1,0,-138.338,-99,1960
100,1,0,-119.297,-101,1945.43
101,1,0,-118.624,-100,1869.67
102,1,0,-117.208,-106,1719.79
103,1,0,-135.127,-104,1574.12
104,1,0,-114.64,-104,1477.98
105,1,0,-113.779,-102,1404.74
106,1,0,-113.81,-101.5,1407.26
107,1,0,-100.487,-102,641.128
108,1,0,-99.1769,-102,593.431
109,1,0,-97.9998,-102,553.611
110,1,0,-95.5094,-105,477.946
111,1,0,-94.0672,-104,438.954
112,1,0,-95.7979,-95.5,486.153
113,1,0,-96.4316,-101,504.677
114,1,0,-98.4008,-94,566.865
115,1,0,-152.046,-88,658.468
116,1,0,-122.318,-100,579.055
117,1,0,-143.461,-93,556.304
118,1,0,-97.6165,-83,541.228
119,1,0,-97.8354,-83.6,548.266
120,1,0,-122.727,-77.67,567.897
121,1,0,-124.501,-81,592.425
122,1,0,-119.636,-77,650.605
123,1,0,-129.617,-77.5,811.117
124,1,0,-125.049,-82.5,676.148
125,1,0,-96.9202,-86,519.442
126,1,0,-94.6603,-85,454.589
127,1,0,-93.1157,-78,414.987
128,1,0,-91.1637,-78,369.836
129,1,0,-87.2578,-76,293.703
130,1,0,-83.6355,-77,237.179
131,1,0,-81.623,-77,210.621
132,1,0,-67.3779,-76,90.8716
133,1,0,-53.4068,-76.5,39.8456
134,1,0,-47.0247,-79,27.3413
135,1,0,-48.4059,-79.33,29.6631
136,1,0,-47.3032,-80.29,27.7943
137,1,0,-43.6356,-77.8,22.3854
138,1,0,-40.6867,-61,18.81
139,1,0,-40.0532,-59,18.1199
140,1,0,-41.3321,-50,19.5402
141,1,0,-46.7103,-51,26.8387
142,1,0,-52.8339,-50.5,38.521
143,1,0,-55.4114,-51,44.849
144,1,0,-56.1502,-52,46.8476
145,1,0,-55.2472,-52,44.4166
146,1,0,-54.6216,-52,42.8068
