222,0,-70.605,177.386
222,1,-96.1657,1409.33
222,2,-82.9203,522.123
222,3,-88.2896,629.109
222,4,-97.0994,1559.37
222,5,-90.7545,1036
222,6,-90.1411,1620.19
222,7,-94.7623,1089.82
222,8,-99.983,1380.1
222,9,-92.3386,1183.21
222,10,-96.475,1387.88
222,11,-97.2736,1324.46
222,12,-99.3723,1414.68
222,13,-91.5173,1554.78
222,14,-97.6741,1429.33
222,15,-101.449,1789.73
222,16,-96.9502,1558.6
222,17,-96.201,1869.65
222,18,-78.658,528.566
222,19,-83.8313,473.704
222,20,-92.3819,1174.22
222,21,-87.4535,1118.74
222,22,-89.7075,984.824
222,23,-87.2672,970.78
222,24,-94.9875,980.668
222,25,-92.7025,1413.76
222,26,-96.4368,1182.21
222,27,-98.8327,1442.3
222,28,-98.8252,1274.06
222,29,-91.51,1353.01
222,30,-80.9336,731.262
222,31,-94.9062,1176.45
222,32,-88.6533,907.617
222,33,-85.748,985.375
222,34,-94.6776,1251.84
222,35,-91.1247,1161.42
222,36,-98.4404,1035.21
222,37,-93.8156,1117.24
222,38,-96.1022,1461.19
222,39,-88.4958,1121.7
222,40,-81.0511,480.843
222,41,-94.4858,1514.55
222,42,-94.5075,1236.98
222,43,-96.5178,1191.48
222,44,-99.7525,1452.93
222,45,-100.574,1955.72
222,46,-100.937,1489.24
222,47,-91.8073,1067.99
222,48,-91.7995,1067.4
222,49,-91.7917,1066.82
222,50,-91.7839,1066.24
222,51,-94.0013,998.175
222,52,-98.8955,1125.47
222,53,-98.8874,1124.83
222,54,-90.7246,659.967
222,55,-89.3117,597.671
222,56,-89.2963,597.024
222,57,-71.7377,412.628
222,58,-81.7826,491.476
222,59,-81.7622,490.773
222,60,-83.107,539.342
222,61,-83.0884,538.64
222,62,-86.26,616.626
222,63,-86.2518,616.269
222,64,-85.9344,602.698
222,65,-85.9254,602.317
222,66,-85.5528,586.77
222,67,-85.5434,586.383
222,68,-85.6306,537.454
222,69,-85.6133,536.802
222,70,-84.3718,564.784
222,71,-84.3549,564.113
222,72,-49.7998,56.565
222,73,-49.9092,57.0009
222,74,-71.4261,187.907
222,75,-81.2661,237.514
222,76,-91.1214,751.388
222,77,-83.4408,751.06
222,78,-91.3839,861.667
222,79,-81.0698,738.282
222,80,-81.0615,737.852
222,81,-81.0532,737.421
222,82,-89.5289,686.269
222,83,-89.5153,685.615
222,84,-93.4019,1104.26
222,85,-93.3929,1103.57
222,86,-93.3839,1102.87
222,87,-93.3749,1102.17
222,88,-96.8689,1350.68
222,89,-96.8616,1349.99
222,90,-94.9331,879.227
222,91,-94.9218,878.529
222,92,-93.2063,850.342
222,93,-93.1945,849.636
222,94,-84.1839,609.027
222,95,-84.1701,608.44
222,96,-78.3653,617.964
222,97,-78.3533,617.441
222,98,-96.3736,1102.79
222,99,-96.3687,1102.41
222,100,-96.3639,1102.04
222,101,-96.3591,1101.67
222,102,-97.0705,1165.72
222,103,-97.0657,1165.33
222,104,-94.7322,1540.97
222,105,-94.727,1540.4
222,106,-94.7217,1539.83
222,107,-94.7164,1539.26
222,108,-94.7112,1538.69
222,109,-94.4274,1508.35
222,110,-94.422,1507.78
222,111,-102.4,1447.72
222,112,-102.395,1447.16
222,113,-103.919,1515.64
222,114,-103.914,1515.11
222,115,-103.909,1514.59
222,116,-103.904,1514.06
222,117,-94.1857,1347.12
222,118,-94.1808,1346.66
222,119,-94.1759,1346.2
222,120,-94.1711,1345.74
222,121,-99.1019,1258.02
222,122,-99.0967,1257.56
222,123,-94.2474,1123.29
222,124,-94.2415,1122.83
222,125,-94.2356,1122.37
222,126,-94.2298,1121.91
222,127,-91.5482,995.103
222,128,-91.5412,994.609
222,129,-91.5341,994.115
222,130,-87.9234,916.762
222,131,-87.9149,916.215
222,132,-87.9064,915.669
222,133,-84.235,886.116
222,134,-84.2258,885.549
222,135,-91.4166,879.033
222,136,-91.4065,878.412
222,137,-91.3964,877.792
222,138,-91.3864,877.171
222,139,-90.0886,734.015
222,140,-86.7394,883.623
222,141,-86.7284,882.942
222,142,-87.5498,935.333
222,143,-87.5399,934.682
222,144,-91.8176,904.121
222,145,-91.8076,903.49
222,146,-91.7977,902.858
222,147,-91.8345,1045.63
222,148,-91.8253,1044.96
222,149,-91.8162,1044.29
222,150,-91.807,1043.62
222,151,-92.6306,1105.72
222,152,-92.6219,1105.04
222,153,-92.6132,1104.36
222,154,-92.2211,1161.05
222,155,-92.2128,1160.37
222,156,-98.5714,1355.14
222,157,-98.5643,1354.47
222,158,-99.411,1437.38
222,159,-99.4044,1436.72
222,160,-99.2239,1418.64
222,161,-99.2174,1417.98
222,162,-91.8734,1387.96
222,163,-91.8669,1387.32
222,164,-103.299,1371.41
222,165,-103.292,1370.78
222,166,-103.286,1370.16
222,167,-103.279,1369.53
222,168,-90.839,1047.1
222,169,-90.8294,1046.39
222,170,-94.6808,1083.6
222,171,-94.6717,1082.91
222,172,-96.84,1216.14
222,173,-96.8319,1215.45
222,174,-97.1094,1142.44
222,175,-97.1006,1141.73
222,176,-101.872,1331.67
222,177,-101.865,1330.98
222,178,-96.2015,1471.41
222,179,-96.1947,1470.71
222,180,-99.6838,1445.94
222,181,-99.6768,1445.23
222,182,-95.5134,1310.08
222,183,-95.5057,1309.38
222,184,-96.7007,1206.87
222,185,-96.6924,1206.17
222,186,-94.8162,1264.07
222,187,-94.8083,1263.37
222,188,-104.368,1714.22
222,189,-104.362,1713.53
222,190,-103.459,1808.52
222,191,-103.454,1807.91
222,192,-103.449,1807.31
222,193,-90.7764,1694.06
222,194,-90.7713,1693.45
222,195,-94.88,1734.99
222,196,-94.8747,1734.35
222,197,-94.8694,1733.71
222,198,-105.14,1747.39
222,199,-105.135,1746.71
222,200,-105.129,1746.04
222,201,-98.7176,1647.46
222,202,-98.7118,1646.8
222,203,-94.8909,1601.95
222,204,-94.885,1601.29
222,205,-94.8792,1600.64
222,206,-101.19,1515.88
222,207,-101.184,1515.24
222,208,-101.178,1514.6
222,209,-100.639,1458.36
222,210,-100.632,1457.71
222,211,-100.626,1457.06
222,212,-99.005,1669.21
222,213,-98.999,1668.51
222,214,-97.8887,1451.02
222,215,-97.8828,1450.42
222,216,-97.8769,1449.82
222,217,-90.6162,1598
222,218,-100.628,1324.6
222,219,-97.1513,1565.06
222,220,-97.1456,1564.44
222,221,-78.2396,349.163
222,0,-75.2476,177.386
222,1,-99.1033,1409.33
222,2,-87.3115,522.123
222,3,-90.44,629.109
222,4,-97.0002,1559.37
222,5,-96.4747,1036
222,6,-104.361,1620.19
222,7,-99.249,1089.82
222,8,-101.817,1380.1
222,9,-93.4989,1183.21
222,10,-98.7333,1387.88
222,11,-98.5459,1324.46
222,12,-98.6014,1414.68
222,13,-101.931,1554.78
222,14,-95.174,1429.33
222,15,-99.4217,1789.73
222,16,-96.6748,1558.6
222,17,-98.6155,1869.65
222,18,-81.1094,528.566
222,19,-86.4842,473.704
222,20,-92.3867,1174.22
222,21,-97.6416,1118.74
222,22,-96.3862,984.824
222,23,-90.5518,970.78
222,24,-90.6338,980.668
222,25,-94.232,1413.76
222,26,-96.4993,1182.21
222,27,-97.1417,1442.3
222,28,-93.1885,1274.06
222,29,-95.1354,1353.01
222,30,-94.1331,731.262
222,31,-91.0821,1176.45
222,32,-87.3026,907.617
222,33,-85.0525,985.375
222,34,-91.1065,1251.84
222,35,-96.0739,1161.42
222,36,-91.8133,1035.21
222,37,-87.7643,1117.24
222,38,-98.497,1461.19
222,39,-95.8095,1121.7
222,40,-80.6363,480.843
222,41,-87.6476,1514.55
222,42,-90.9364,1236.98
222,43,-103.359,1191.48
222,44,-98.9816,1452.93
222,45,-101.735,1955.72
222,46,-100.576,1489.24
222,47,-90.3399,1067.99
222,48,-90.3321,1067.4
222,49,-90.3243,1066.82
222,50,-90.3165,1066.24
222,51,-89.9656,998.175
222,52,-92.5154,1125.47
222,53,-92.5073,1124.83
222,54,-90.5808,659.967
222,55,-89.1679,597.671
222,56,-89.1525,597.024
222,57,-83.4584,412.628
222,58,-81.4836,491.476
222,59,-81.4632,490.773
222,60,-82.808,539.342
222,61,-82.7894,538.64
222,62,-85.1088,616.626
222,63,-85.1005,616.269
222,64,-84.7832,602.698
222,65,-84.7742,602.317
222,66,-84.4015,586.77
222,67,-84.3921,586.383
222,68,-88.2835,537.454
222,69,-88.2662,536.802
222,70,-76.0786,564.784
222,71,-76.0617,564.113
222,72,-56.0529,56.565
222,73,-56.1623,57.0009
222,74,-76.0687,187.907
222,75,-74.1648,237.514
222,76,-86.19,751.388
222,77,-92.6771,751.06
222,78,-90.8942,861.667
222,79,-94.2692,738.282
222,80,-94.2609,737.852
222,81,-94.2526,737.421
222,82,-91.6793,686.269
222,83,-91.6657,685.615
222,84,-95.6619,1104.26
222,85,-95.6529,1103.57
222,86,-95.6439,1102.87
222,87,-95.6349,1102.17
222,88,-99.9531,1350.68
222,89,-99.9458,1349.99
222,90,-87.7488,879.227
222,91,-87.7374,878.529
222,92,-91.0328,850.342
222,93,-91.021,849.636
222,94,-80.8973,609.027
222,95,-80.8836,608.44
222,96,-82.7758,617.964
222,97,-82.7638,617.441
222,98,-94.4546,1102.79
222,99,-94.4498,1102.41
222,100,-94.445,1102.04
222,101,-94.4401,1101.67
222,102,-86.3159,1165.72
222,103,-86.3111,1165.33
222,104,-87.894,1540.97
222,105,-87.8887,1540.4
222,106,-87.8835,1539.83
222,107,-87.8782,1539.26
222,108,-87.8729,1538.69
222,109,-87.5892,1508.35
222,110,-87.5837,1507.78
222,111,-100.145,1447.72
222,112,-100.14,1447.16
222,113,-97.9756,1515.64
222,114,-97.9707,1515.11
222,115,-97.9658,1514.59
222,116,-97.9608,1514.06
222,117,-94.7418,1347.12
222,118,-94.737,1346.66
222,119,-94.7321,1346.2
222,120,-94.7272,1345.74
222,121,-99.8813,1258.02
222,122,-99.8761,1257.56
222,123,-90.4233,1123.29
222,124,-90.4174,1122.83
222,125,-90.4115,1122.37
222,126,-90.4057,1121.91
222,127,-94.915,995.103
222,128,-94.9079,994.609
222,129,-94.9009,994.115
222,130,-85.3278,916.762
222,131,-85.3193,916.215
222,132,-85.3108,915.669
222,133,-83.5395,886.116
222,134,-83.5303,885.549
222,135,-88.4892,879.033
222,136,-88.4791,878.412
222,137,-88.469,877.792
222,138,-88.459,877.171
222,139,-86.7814,734.015
222,140,-86.8463,883.623
222,141,-86.8353,882.942
222,142,-87.6567,935.333
222,143,-87.6468,934.682
222,144,-88.8902,904.121
222,145,-88.8802,903.49
222,146,-88.8703,902.858
222,147,-86.3139,1045.63
222,148,-86.3047,1044.96
222,149,-86.2956,1044.29
222,150,-86.2864,1043.62
222,151,-87.11,1105.72
222,152,-87.1013,1105.04
222,153,-87.0926,1104.36
222,154,-92.2258,1161.05
222,155,-92.2175,1160.37
222,156,-94.8084,1355.14
222,157,-94.8014,1354.47
222,158,-95.6481,1437.38
222,159,-95.6415,1436.72
222,160,-95.461,1418.64
222,161,-95.4544,1417.98
222,162,-95.4988,1387.96
222,163,-95.4922,1387.32
222,164,-96.552,1371.41
222,165,-96.5455,1370.78
222,166,-96.539,1370.16
222,167,-96.5325,1369.53
222,168,-91.7599,1047.1
222,169,-91.7503,1046.39
222,170,-99.1675,1083.6
222,171,-99.1584,1082.91
222,172,-96.9025,1216.14
222,173,-96.8945,1215.45
222,174,-92.7929,1142.44
222,175,-92.7841,1141.73
222,176,-96.2889,1331.67
222,177,-96.2815,1330.98
222,178,-98.5963,1471.41
222,179,-98.5895,1470.71
222,180,-98.9129,1445.94
222,181,-98.9059,1445.23
222,182,-94.84,1310.08
222,183,-94.8323,1309.38
222,184,-103.542,1206.87
222,185,-103.534,1206.17
222,186,-91.2451,1264.07
222,187,-91.2372,1263.37
222,188,-98.63,1714.22
222,189,-98.6242,1713.53
222,190,-104.762,1808.52
222,191,-104.757,1807.91
222,192,-104.753,1807.31
222,193,-104.996,1694.06
222,194,-104.991,1693.45
222,195,-102.122,1734.99
222,196,-102.117,1734.35
222,197,-102.112,1733.71
222,198,-95.7623,1747.39
222,199,-95.7568,1746.71
222,200,-95.7513,1746.04
222,201,-99.4607,1647.46
222,202,-99.455,1646.8
222,203,-99.1054,1601.95
222,204,-99.0996,1601.29
222,205,-99.0938,1600.64
222,206,-100.829,1515.88
222,207,-100.823,1515.24
222,208,-100.817,1514.6
222,209,-100.278,1458.36
222,210,-100.271,1457.71
222,211,-100.265,1457.06
222,212,-98.7204,1669.21
222,213,-98.7145,1668.51
222,214,-95.3886,1451.02
222,215,-95.3827,1450.42
222,216,-95.3768,1449.82
222,217,-99.309,1598
222,218,-101.05,1324.6
222,219,-97.0521,1565.06
222,220,-97.0464,1564.44
222,221,-74.9895,349.163
222,0,-65.6609,177.386
222,1,-90.7279,1409.33
222,2,-79.8759,522.123
222,3,-83.0297,629.109
222,4,-94.805,1559.37
222,5,-94.6519,1036
222,6,-100.331,1620.19
222,7,-89.6605,1089.82
222,8,-97.0038,1380.1
222,9,-94.153,1183.21
222,10,-97.2206,1387.88
222,11,-92.9274,1324.46
222,12,-94.2332,1414.68
222,13,-95.3981,1554.78
222,14,-102.875,1429.33
222,15,-93.2226,1789.73
222,16,-102.976,1558.6
222,17,-102.983,1869.65
222,18,-86.7937,528.566
222,19,-80.3459,473.704
222,20,-88.3598,1174.22
222,21,-92.5193,1118.74
222,22,-94.4046,984.824
222,23,-90.9192,970.78
222,24,-92.5956,980.668
222,25,-95.4097,1413.76
222,26,-92.4599,1182.21
222,27,-101.902,1442.3
222,28,-99.5878,1274.06
222,29,-100.719,1353.01
222,30,-87.0832,731.262
222,31,-93.7764,1176.45
222,32,-96.6258,907.617
222,33,-93.0157,985.375
222,34,-91.4154,1251.84
222,35,-95.8771,1161.42
222,36,-96.3859,1035.21
222,37,-94.8873,1117.24
222,38,-98.0178,1461.19
222,39,-88.7765,1121.7
222,40,-77.7148,480.843
222,41,-96.3456,1514.55
222,42,-91.2453,1236.98
222,43,-93.9094,1191.48
222,44,-94.6135,1452.93
222,45,-102.911,1955.72
222,46,-104.585,1489.24
222,47,-86.8689,1067.99
222,48,-86.8611,1067.4
222,49,-86.8533,1066.82
222,50,-86.8455,1066.24
222,51,-87.314,998.175
222,52,-97.6521,1125.47
222,53,-97.644,1124.83
222,54,-87.5077,659.967
222,55,-86.0948,597.671
222,56,-86.0793,597.024
222,57,-79.7187,412.628
222,58,-80.9033,491.476
222,59,-80.8829,490.773
222,60,-82.2276,539.342
222,61,-82.2091,538.64
222,62,-82.639,616.626
222,63,-82.6308,616.269
222,64,-82.3135,602.698
222,65,-82.3044,602.317
222,66,-81.9318,586.77
222,67,-81.9224,586.383
222,68,-82.1451,537.454
222,69,-82.1278,536.802
222,70,-83.5432,564.784
222,71,-83.5263,564.113
222,72,-53.3373,56.565
222,73,-53.4467,57.0009
222,74,-66.482,187.907
222,75,-72.0888,237.514
222,76,-91.8665,751.388
222,77,-89.5711,751.06
222,78,-86.1665,861.667
222,79,-87.2194,738.282
222,80,-87.211,737.852
222,81,-87.2027,737.421
222,82,-84.269,686.269
222,83,-84.2554,685.615
222,84,-90.018,1104.26
222,85,-90.0091,1103.57
222,86,-90.0001,1102.87
222,87,-89.9911,1102.17
222,88,-95.8117,1350.68
222,89,-95.8044,1349.99
222,90,-95.1312,879.227
222,91,-95.1199,878.529
222,92,-94.5512,850.342
222,93,-94.5394,849.636
222,94,-87.8122,609.027
222,95,-87.7985,608.44
222,96,-81.6963,617.964
222,97,-81.6842,617.441
222,98,-94.169,1102.79
222,99,-94.1642,1102.41
222,100,-94.1593,1102.04
222,101,-94.1545,1101.67
222,102,-97.7476,1165.72
222,103,-97.7428,1165.33
222,104,-96.5919,1540.97
222,105,-96.5867,1540.4
222,106,-96.5814,1539.83
222,107,-96.5762,1539.26
222,108,-96.5709,1538.69
222,109,-96.2871,1508.35
222,110,-96.2817,1507.78
222,111,-97.203,1447.72
222,112,-97.1975,1447.16
222,113,-93.612,1515.64
222,114,-93.607,1515.11
222,115,-93.6021,1514.59
222,116,-93.5971,1514.06
222,117,-97.6631,1347.12
222,118,-97.6583,1346.66
222,119,-97.6534,1346.2
222,120,-97.6485,1345.74
222,121,-103.405,1258.02
222,122,-103.4,1257.56
222,123,-93.1176,1123.29
222,124,-93.1117,1122.83
222,125,-93.1059,1122.37
222,126,-93.1,1121.91
222,127,-95.8373,995.103
222,128,-95.8302,994.609
222,129,-95.8231,994.115
222,130,-93.6762,916.762
222,131,-93.6677,916.215
222,132,-93.6592,915.669
222,133,-91.5026,886.116
222,134,-91.4935,885.549
222,135,-92.3428,879.033
222,136,-92.3327,878.412
222,137,-92.3226,877.792
222,138,-92.3126,877.171
222,139,-85.3313,734.015
222,140,-85.5682,883.623
222,141,-85.5572,882.942
222,142,-86.3786,935.333
222,143,-86.3687,934.682
222,144,-92.7438,904.121
222,145,-92.7338,903.49
222,146,-92.7239,902.858
222,147,-94.482,1045.63
222,148,-94.4728,1044.96
222,149,-94.4637,1044.29
222,150,-94.4545,1043.62
222,151,-95.2782,1105.72
222,152,-95.2694,1105.04
222,153,-95.2607,1104.36
222,154,-88.199,1161.05
222,155,-88.1906,1160.37
222,156,-94.5005,1355.14
222,157,-94.4934,1354.47
222,158,-95.3401,1437.38
222,159,-95.3335,1436.72
222,160,-95.153,1418.64
222,161,-95.1465,1417.98
222,162,-101.082,1387.96
222,163,-101.076,1387.32
222,164,-90.468,1371.41
222,165,-90.4615,1370.78
222,166,-90.455,1370.16
222,167,-90.4485,1369.53
222,168,-95.8039,1047.1
222,169,-95.7943,1046.39
222,170,-89.579,1083.6
222,171,-89.5698,1082.91
222,172,-92.8631,1216.14
222,173,-92.855,1215.45
222,174,-94.5974,1142.44
222,175,-94.5886,1141.73
222,176,-94.2836,1331.67
222,177,-94.2762,1330.98
222,178,-98.1172,1471.41
222,179,-98.1104,1470.71
222,180,-94.5447,1445.94
222,181,-94.5377,1445.23
222,182,-96.2179,1310.08
222,183,-96.2102,1309.38
222,184,-94.0924,1206.87
222,185,-94.084,1206.17
222,186,-91.554,1264.07
222,187,-91.5461,1263.37
222,188,-97.9031,1714.22
222,189,-97.8973,1713.53
222,190,-99.2818,1808.52
222,191,-99.277,1807.91
222,192,-99.2722,1807.31
222,193,-100.966,1694.06
222,194,-100.961,1693.45
222,195,-99.0669,1734.99
222,196,-99.0617,1734.35
222,197,-99.0564,1733.71
222,198,-99.7558,1747.39
222,199,-99.7503,1746.71
222,200,-99.7448,1746.04
222,201,-98.3472,1647.46
222,202,-98.3414,1646.8
222,203,-101.062,1601.95
222,204,-101.056,1601.29
222,205,-101.05,1600.64
222,206,-104.838,1515.88
222,207,-104.832,1515.24
222,208,-104.826,1514.6
222,209,-104.287,1458.36
222,210,-104.281,1457.71
222,211,-104.274,1457.06
222,212,-92.7819,1669.21
222,213,-92.7759,1668.51
222,214,-103.09,1451.02
222,215,-103.084,1450.42
222,216,-103.078,1449.82
222,217,-96.2157,1598
222,218,-99.2925,1324.6
222,219,-94.8568,1565.06
222,220,-94.8511,1564.44
222,221,-79.5231,349.163
222,0,-63.4894,177.386
222,1,-99.8646,1409.33
222,2,-86.1506,522.123
222,3,-86.219,629.109
222,4,-101.17,1559.37
222,5,-95.1266,1036
222,6,-102.251,1620.19
222,7,-91.8682,1089.82
222,8,-95.1145,1380.1
222,9,-91.7099,1183.21
222,10,-101.558,1387.88
222,11,-94.7132,1324.46
222,12,-99.9912,1414.68
222,13,-100.895,1554.78
222,14,-98.2998,1429.33
222,15,-99.8905,1789.73
222,16,-91.6622,1558.6
222,17,-100.714,1869.65
222,18,-76.6585,528.566
222,19,-76.904,473.704
222,20,-97.7073,1174.22
222,21,-99.9766,1118.74
222,22,-93.2991,984.824
222,23,-88.027,970.78
222,24,-92.6366,980.668
222,25,-101.191,1413.76
222,26,-99.9956,1182.21
222,27,-94.392,1442.3
222,28,-94.6219,1274.06
222,29,-95.6098,1353.01
222,30,-86.1021,731.262
222,31,-94.5686,1176.45
222,32,-91.7405,907.617
222,33,-86.3693,985.375
222,34,-96.7343,1251.84
222,35,-98.6216,1161.42
222,36,-92.6915,1035.21
222,37,-105.339,1117.24
222,38,-98.5204,1461.19
222,39,-94.649,1121.7
222,40,-87.775,480.843
222,41,-103.047,1514.55
222,42,-96.5642,1236.98
222,43,-94.0709,1191.48
222,44,-100.371,1452.93
222,45,-104.503,1955.72
222,46,-99.8293,1489.24
222,47,-102.974,1067.99
222,48,-102.967,1067.4
222,49,-102.959,1066.82
222,50,-102.951,1066.24
222,51,-87.1812,998.175
222,52,-93.8469,1125.47
222,53,-93.8388,1124.83
222,54,-91.9435,659.967
222,55,-90.5306,597.671
222,56,-90.5151,597.024
222,57,-79.6818,412.628
222,58,-83.1676,491.476
222,59,-83.1472,490.773
222,60,-84.492,539.342
222,61,-84.4735,538.64
222,62,-87.3126,616.626
222,63,-87.3043,616.269
222,64,-86.987,602.698
222,65,-86.978,602.317
222,66,-86.6053,586.77
222,67,-86.5959,586.383
222,68,-78.7032,537.454
222,69,-78.6859,536.802
222,70,-80.1988,564.784
222,71,-80.1819,564.113
222,72,-51.919,56.565
222,73,-52.0284,57.0009
222,74,-64.3105,187.907
222,75,-68.0064,237.514
222,76,-90.6559,751.388
222,77,-87.1354,751.06
222,78,-92.7403,861.667
222,79,-86.2383,738.282
222,80,-86.23,737.852
222,81,-86.2217,737.421
222,82,-87.4583,686.269
222,83,-87.4447,685.615
222,84,-91.6562,1104.26
222,85,-91.6472,1103.57
222,86,-91.6382,1102.87
222,87,-91.6292,1102.17
222,88,-94.1224,1350.68
222,89,-94.1151,1349.99
222,90,-91.368,879.227
222,91,-91.3567,878.529
222,92,-89.0248,850.342
222,93,-89.0129,849.636
222,94,-84.5507,609.027
222,95,-84.537,608.44
222,96,-84.8354,617.964
222,97,-84.8233,617.441
222,98,-100.265,1102.79
222,99,-100.26,1102.41
222,100,-100.255,1102.04
222,101,-100.25,1101.67
222,102,-93.5908,1165.72
222,103,-93.586,1165.33
222,104,-103.294,1540.97
222,105,-103.288,1540.4
222,106,-103.283,1539.83
222,107,-103.278,1539.26
222,108,-103.272,1538.69
222,109,-102.989,1508.35
222,110,-102.983,1507.78
222,111,-98.3634,1447.72
222,112,-98.3579,1447.16
222,113,-99.4956,1515.64
222,114,-99.4907,1515.11
222,115,-99.4858,1514.59
222,116,-99.4808,1514.06
222,117,-94.4831,1347.12
222,118,-94.4782,1346.66
222,119,-94.4733,1346.2
222,120,-94.4685,1345.74
222,121,-92.6905,1258.02
222,122,-92.6853,1257.56
222,123,-93.9098,1123.29
222,124,-93.9039,1122.83
222,125,-93.898,1122.37
222,126,-93.8922,1121.91
222,127,-93.4993,995.103
222,128,-93.4922,994.609
222,129,-93.4851,994.115
222,130,-86.9703,916.762
222,131,-86.9618,916.215
222,132,-86.9533,915.669
222,133,-84.8563,886.116
222,134,-84.8471,885.549
222,135,-91.0029,879.033
222,136,-90.9928,878.412
222,137,-90.9827,877.792
222,138,-90.9727,877.171
222,139,-91.0589,734.015
222,140,-92.2401,883.623
222,141,-92.2291,882.942
222,142,-93.0506,935.333
222,143,-93.0406,934.682
222,144,-91.4039,904.121
222,145,-91.3939,903.49
222,146,-91.384,902.858
222,147,-98.4716,1045.63
222,148,-98.4624,1044.96
222,149,-98.4533,1044.29
222,150,-98.4441,1043.62
222,151,-99.2678,1105.72
222,152,-99.259,1105.04
222,153,-99.2503,1104.36
222,154,-97.5464,1161.05
222,155,-97.5381,1160.37
222,156,-98.7806,1355.14
222,157,-98.7735,1354.47
222,158,-99.6202,1437.38
222,159,-99.6136,1436.72
222,160,-99.4331,1418.64
222,161,-99.4265,1417.98
222,162,-95.9732,1387.96
222,163,-95.9666,1387.32
222,164,-92.4892,1371.41
222,165,-92.4827,1370.78
222,166,-92.4762,1370.16
222,167,-92.4697,1369.53
222,168,-94.8127,1047.1
222,169,-94.8031,1046.39
222,170,-91.7867,1083.6
222,171,-91.7775,1082.91
222,172,-100.399,1216.14
222,173,-100.391,1215.45
222,174,-101.906,1142.44
222,175,-101.898,1141.73
222,176,-93.5126,1331.67
222,177,-93.5052,1330.98
222,178,-98.6198,1471.41
222,179,-98.613,1470.71
222,180,-100.303,1445.94
222,181,-100.296,1445.23
222,182,-93.9798,1310.08
222,183,-93.9722,1309.38
222,184,-94.2539,1206.87
222,185,-94.2455,1206.17
222,186,-96.8729,1264.07
222,187,-96.865,1263.37
222,188,-106.207,1714.22
222,189,-106.201,1713.53
222,190,-104.284,1808.52
222,191,-104.28,1807.91
222,192,-104.275,1807.31
222,193,-102.886,1694.06
222,194,-102.881,1693.45
222,195,-100.896,1734.99
222,196,-100.89,1734.35
222,197,-100.885,1733.71
222,198,-101.746,1747.39
222,199,-101.74,1746.71
222,200,-101.735,1746.04
222,201,-98.7247,1647.46
222,202,-98.719,1646.8
222,203,-92.5808,1601.95
222,204,-92.5749,1601.29
222,205,-92.5691,1600.64
222,206,-100.082,1515.88
222,207,-100.076,1515.24
222,208,-100.07,1514.6
222,209,-99.5306,1458.36
222,210,-99.5243,1457.71
222,211,-99.518,1457.06
222,212,-100.355,1669.21
222,213,-100.349,1668.51
222,214,-98.5145,1451.02
222,215,-98.5086,1450.42
222,216,-98.5027,1449.82
222,217,-100.33,1598
222,218,-97.2855,1324.6
222,219,-101.222,1565.06
222,220,-101.216,1564.44
222,221,-76.4609,349.163
222,0,-66.8988,177.386
222,1,-98.1728,1409.33
222,2,-79.4505,522.123
222,3,-88.8836,629.109
222,4,-105.458,1559.37
222,5,-90.5533,1036
222,6,-100.276,1620.19
222,7,-91.9655,1089.82
222,8,-96.3587,1380.1
222,9,-90.413,1183.21
222,10,-98.2525,1387.88
222,11,-94.514,1324.46
222,12,-97.7043,1414.68
222,13,-96.7497,1554.78
222,14,-93.6272,1429.33
222,15,-100.301,1789.73
222,16,-97.9799,1558.6
222,17,-105.077,1869.65
222,18,-78.7147,528.566
222,19,-84.8385,473.704
222,20,-100.565,1174.22
222,21,-92.9308,1118.74
222,22,-94.5313,984.824
222,23,-95.7079,970.78
222,24,-91.6741,980.668
222,25,-100.915,1413.76
222,26,-95.8198,1182.21
222,27,-97.4886,1442.3
222,28,-94.264,1274.06
222,29,-98.8325,1353.01
222,30,-90.575,731.262
222,31,-93.2421,1176.45
222,32,-89.3731,907.617
222,33,-92.9358,985.375
222,34,-91.765,1251.84
222,35,-90.1982,1161.42
222,36,-90.0208,1035.21
222,37,-95.3528,1117.24
222,38,-100.685,1461.19
222,39,-94.3867,1121.7
222,40,-81.8942,480.843
222,41,-99.37,1514.55
222,42,-91.5949,1236.98
222,43,-100.691,1191.48
222,44,-98.0845,1452.93
222,45,-98.0043,1955.72
222,46,-98.5234,1489.24
222,47,-87.1853,1067.99
222,48,-87.1775,1067.4
222,49,-87.1697,1066.82
222,50,-87.1619,1066.24
222,51,-93.7756,998.175
222,52,-95.7508,1125.47
222,53,-95.7427,1124.83
222,54,-86.0696,659.967
222,55,-84.6567,597.671
222,56,-84.6412,597.024
222,57,-79.1902,412.628
222,58,-82.8633,491.476
222,59,-82.8429,490.773
222,60,-84.1877,539.342
222,61,-84.1691,538.64
222,62,-85.6591,616.626
222,63,-85.6509,616.269
222,64,-85.3336,602.698
222,65,-85.3245,602.317
222,66,-84.9519,586.77
222,67,-84.9425,586.383
222,68,-86.6378,537.454
222,69,-86.6205,536.802
222,70,-79.5901,564.784
222,71,-79.5731,564.113
222,72,-49.2697,56.565
222,73,-49.3791,57.0009
222,74,-67.7199,187.907
222,75,-73.6625,237.514
222,76,-92.461,751.388
222,77,-88.4401,751.06
222,78,-88.6375,861.667
222,79,-90.7112,738.282
222,80,-90.7029,737.852
222,81,-90.6946,737.421
222,82,-90.1229,686.269
222,83,-90.1093,685.615
222,84,-89.8792,1104.26
222,85,-89.8702,1103.57
222,86,-89.8613,1102.87
222,87,-89.8522,1102.17
222,88,-99.2156,1350.68
222,89,-99.2083,1349.99
222,90,-91.1426,879.227
222,91,-91.1313,878.529
222,92,-85.0357,850.342
222,93,-85.0239,849.636
222,94,-82.573,609.027
222,95,-82.5593,608.44
222,96,-84.7473,617.964
222,97,-84.7352,617.441
222,98,-90.7053,1102.79
222,99,-90.7004,1102.41
222,100,-90.6956,1102.04
222,101,-90.6908,1101.67
222,102,-95.2415,1165.72
222,103,-95.2367,1165.33
222,104,-99.6163,1540.97
222,105,-99.6111,1540.4
222,106,-99.6058,1539.83
222,107,-99.6006,1539.26
222,108,-99.5953,1538.69
222,109,-99.3115,1508.35
222,110,-99.3061,1507.78
222,111,-99.837,1447.72
222,112,-99.8315,1447.16
222,113,-96.0595,1515.64
222,114,-96.0546,1515.11
222,115,-96.0496,1514.59
222,116,-96.0447,1514.06
222,117,-97.5349,1347.12
222,118,-97.53,1346.66
222,119,-97.5251,1346.2
222,120,-97.5203,1345.74
222,121,-90.8225,1258.02
222,122,-90.8173,1257.56
222,123,-92.5833,1123.29
222,124,-92.5774,1122.83
222,125,-92.5715,1122.37
222,126,-92.5657,1121.91
222,127,-93.6073,995.103
222,128,-93.6002,994.609
222,129,-93.5932,994.115
222,130,-83.4164,916.762
222,131,-83.4079,916.215
222,132,-83.3994,915.669
222,133,-91.4228,886.116
222,134,-91.4137,885.549
222,135,-91.0976,879.033
222,136,-91.0875,878.412
222,137,-91.0774,877.792
222,138,-91.0674,877.171
222,139,-91.927,734.015
222,140,-86.0421,883.623
222,141,-86.0311,882.942
222,142,-86.8525,935.333
222,143,-86.8426,934.682
222,144,-91.4986,904.121
222,145,-91.4886,903.49
222,146,-91.4787,902.858
222,147,-90.027,1045.63
222,148,-90.0178,1044.96
222,149,-90.0087,1044.29
222,150,-89.9995,1043.62
222,151,-90.8231,1105.72
222,152,-90.8144,1105.04
222,153,-90.8057,1104.36
222,154,-100.404,1161.05
222,155,-100.396,1160.37
222,156,-98.2911,1355.14
222,157,-98.284,1354.47
222,158,-99.1307,1437.38
222,159,-99.1241,1436.72
222,160,-98.9437,1418.64
222,161,-98.9371,1417.98
222,162,-99.1959,1387.96
222,163,-99.1893,1387.32
222,164,-95.9,1371.41
222,165,-95.8934,1370.78
222,166,-95.8869,1370.16
222,167,-95.8804,1369.53
222,168,-94.514,1047.1
222,169,-94.5044,1046.39
222,170,-91.884,1083.6
222,171,-91.8749,1082.91
222,172,-96.2229,1216.14
222,173,-96.2149,1215.45
222,174,-95.9116,1142.44
222,175,-95.9028,1141.73
222,176,-102.004,1331.67
222,177,-101.997,1330.98
222,178,-100.784,1471.41
222,179,-100.777,1470.71
222,180,-98.0157,1445.94
222,181,-98.0087,1445.23
222,182,-96.5827,1310.08
222,183,-96.5751,1309.38
222,184,-100.874,1206.87
222,185,-100.866,1206.17
222,186,-91.9036,1264.07
222,187,-91.8957,1263.37
222,188,-98.056,1714.22
222,189,-98.0503,1713.53
222,190,-104.604,1808.52
222,191,-104.6,1807.91
222,192,-104.595,1807.31
222,193,-100.911,1694.06
222,194,-100.906,1693.45
222,195,-97.2709,1734.99
222,196,-97.2656,1734.35
222,197,-97.2604,1733.71
222,198,-105.497,1747.39
222,199,-105.492,1746.71
222,200,-105.486,1746.04
222,201,-99.4102,1647.46
222,202,-99.4045,1646.8
222,203,-96.5834,1601.95
222,204,-96.5776,1601.29
222,205,-96.5718,1600.64
222,206,-98.7761,1515.88
222,207,-98.7701,1515.24
222,208,-98.764,1514.6
222,209,-98.2248,1458.36
222,210,-98.2184,1457.71
222,211,-98.2121,1457.06
222,212,-94.6208,1669.21
222,213,-94.6148,1668.51
222,214,-93.8419,1451.02
222,215,-93.8359,1450.42
222,216,-93.83,1449.82
222,217,-96.7206,1598
222,218,-97.3072,1324.6
222,219,-105.51,1565.06
222,220,-105.504,1564.44
222,221,-72.8593,349.163
222,0,-65.6441,177.386
222,1,-96.4402,1409.33
222,2,-82.8035,522.123
222,3,-86.7304,629.109
222,4,-90.1059,1559.37
222,5,-92.4702,1036
222,6,-95.9533,1620.19
222,7,-97.0321,1089.82
222,8,-96.2387,1380.1
222,9,-98.6709,1183.21
222,10,-96.6183,1387.88
222,11,-99.5552,1324.46
222,12,-95.1888,1414.68
222,13,-102.164,1554.78
222,14,-103.38,1429.33
222,15,-98.5737,1789.73
222,16,-102.141,1558.6
222,17,-104.712,1869.65
222,18,-83.2153,528.566
222,19,-87.3206,473.704
222,20,-96.6856,1174.22
222,21,-95.3028,1118.74
222,22,-91.8123,984.824
222,23,-94.9427,970.78
222,24,-93.9476,980.668
222,25,-92.6903,1413.76
222,26,-95.1538,1182.21
222,27,-96.5985,1442.3
222,28,-100.917,1274.06
222,29,-98.1156,1353.01
222,30,-86.2137,731.262
222,31,-91.2852,1176.45
222,32,-88.8854,907.617
222,33,-94.1126,985.375
222,34,-99.9116,1251.84
222,35,-96.0741,1161.42
222,36,-90.9479,1035.21
222,37,-97.7971,1117.24
222,38,-95.1884,1461.19
222,39,-90.6044,1121.7
222,40,-80.3922,480.843
222,41,-97.4097,1514.55
222,42,-99.7415,1236.98
222,43,-96.6981,1191.48
222,44,-95.569,1452.93
222,45,-99.925,1955.72
222,46,-98.9112,1489.24
222,47,-90.4785,1067.99
222,48,-90.4707,1067.4
222,49,-90.4629,1066.82
222,50,-90.4551,1066.24
222,51,-94.8217,998.175
222,52,-96.9789,1125.47
222,53,-96.9708,1124.83
222,54,-93.6469,659.967
222,55,-92.2339,597.671
222,56,-92.2185,597.024
222,57,-75.0115,412.628
222,58,-83.4145,491.476
222,59,-83.3941,490.773
222,60,-84.7389,539.342
222,61,-84.7203,538.64
222,62,-81.4029,616.626
222,63,-81.3947,616.269
222,64,-81.0773,602.698
222,65,-81.0683,602.317
222,66,-80.6957,586.77
222,67,-80.6863,586.383
222,68,-89.1199,537.454
222,69,-89.1026,536.802
222,70,-85.0021,564.784
222,71,-84.9851,564.113
222,72,-50.1816,56.565
222,73,-50.291,57.0009
222,74,-66.4652,187.907
222,75,-67.7633,237.514
222,76,-88.8545,751.388
222,77,-88.3926,751.06
222,78,-95.1799,861.667
222,79,-86.3499,738.282
222,80,-86.3416,737.852
222,81,-86.3332,737.421
222,82,-87.9697,686.269
222,83,-87.9561,685.615
222,84,-98.7805,1104.26
222,85,-98.7715,1103.57
222,86,-98.7625,1102.87
222,87,-98.7535,1102.17
222,88,-99.297,1350.68
222,89,-99.2897,1349.99
222,90,-92.6844,879.227
222,91,-92.6731,878.529
222,92,-88.2092,850.342
222,93,-88.1974,849.636
222,94,-80.8495,609.027
222,95,-80.8358,608.44
222,96,-79.6586,617.964
222,97,-79.6465,617.441
222,98,-98.1535,1102.79
222,99,-98.1486,1102.41
222,100,-98.1438,1102.04
222,101,-98.139,1101.67
222,102,-97.6512,1165.72
222,103,-97.6464,1165.33
222,104,-97.656,1540.97
222,105,-97.6508,1540.4
222,106,-97.6455,1539.83
222,107,-97.6402,1539.26
222,108,-97.635,1538.69
222,109,-97.3512,1508.35
222,110,-97.3458,1507.78
222,111,-90.4886,1447.72
222,112,-90.4831,1447.16
222,113,-104.825,1515.64
222,114,-104.82,1515.11
222,115,-104.815,1514.59
222,116,-104.81,1514.06
222,117,-92.5789,1347.12
222,118,-92.5741,1346.66
222,119,-92.5692,1346.2
222,120,-92.5643,1345.74
222,121,-91.7921,1258.02
222,122,-91.787,1257.56
222,123,-90.6264,1123.29
222,124,-90.6205,1122.83
222,125,-90.6147,1122.37
222,126,-90.6088,1121.91
222,127,-95.3852,995.103
222,128,-95.3781,994.609
222,129,-95.371,994.115
222,130,-91.8838,916.762
222,131,-91.8752,916.215
222,132,-91.8667,915.669
222,133,-92.5996,886.116
222,134,-92.5904,885.549
222,135,-92.2757,879.033
222,136,-92.2656,878.412
222,137,-92.2555,877.792
222,138,-92.2454,877.171
222,139,-84.3413,734.015
222,140,-84.5453,883.623
222,141,-84.5343,882.942
222,142,-85.3558,935.333
222,143,-85.3458,934.682
222,144,-92.6767,904.121
222,145,-92.6667,903.49
222,146,-92.6568,902.858
222,147,-90.7364,1045.63
222,148,-90.7273,1044.96
222,149,-90.7181,1044.29
222,150,-90.709,1043.62
222,151,-91.5326,1105.72
222,152,-91.5239,1105.04
222,153,-91.5151,1104.36
222,154,-96.5248,1161.05
222,155,-96.5164,1160.37
222,156,-102.024,1355.14
222,157,-102.017,1354.47
222,158,-102.864,1437.38
222,159,-102.857,1436.72
222,160,-102.677,1418.64
222,161,-102.67,1417.98
222,162,-98.479,1387.96
222,163,-98.4725,1387.32
222,164,-93.5476,1371.41
222,165,-93.5411,1370.78
222,166,-93.5346,1370.16
222,167,-93.5281,1369.53
222,168,-91.2484,1047.1
222,169,-91.2388,1046.39
222,170,-96.9506,1083.6
222,171,-96.9415,1082.91
222,172,-95.557,1216.14
222,173,-95.5489,1215.45
222,174,-95.8779,1142.44
222,175,-95.8691,1141.73
222,176,-93.7176,1331.67
222,177,-93.7102,1330.98
222,178,-95.2877,1471.41
222,179,-95.2809,1470.71
222,180,-95.5003,1445.94
222,181,-95.4933,1445.23
222,182,-95.6196,1310.08
222,183,-95.6119,1309.38
222,184,-96.881,1206.87
222,185,-96.8727,1206.17
222,186,-100.05,1264.07
222,187,-100.042,1263.37
222,188,-98.6577,1714.22
222,189,-98.652,1713.53
222,190,-102.692,1808.52
222,191,-102.687,1807.91
222,192,-102.682,1807.31
222,193,-96.5886,1694.06
222,194,-96.5834,1693.45
222,195,-96.5428,1734.99
222,196,-96.5375,1734.35
222,197,-96.5322,1733.71
222,198,-100.953,1747.39
222,199,-100.948,1746.71
222,200,-100.942,1746.04
222,201,-96.1841,1647.46
222,202,-96.1784,1646.8
222,203,-101.293,1601.95
222,204,-101.287,1601.29
222,205,-101.281,1600.64
222,206,-99.1639,1515.88
222,207,-99.1579,1515.24
222,208,-99.1519,1514.6
222,209,-98.6126,1458.36
222,210,-98.6063,1457.71
222,211,-98.5999,1457.06
222,212,-95.2857,1669.21
222,213,-95.2797,1668.51
222,214,-103.595,1451.02
222,215,-103.589,1450.42
222,216,-103.583,1449.82
222,217,-93.6362,1598
222,218,-99.1873,1324.6
222,219,-90.1577,1565.06
222,220,-90.1521,1564.44
222,221,-75.9802,349.163
222,0,-74.8492,177.386
222,1,-88.871,1409.33
222,2,-84.7356,522.123
222,3,-85.4018,629.109
222,4,-96.2928,1559.37
222,5,-92.7169,1036
222,6,-97.8687,1620.19
222,7,-91.8538,1089.82
222,8,-96.41,1380.1
222,9,-92.1065,1183.21
222,10,-97.5871,1387.88
222,11,-89.8938,1324.46
222,12,-98.3599,1414.68
222,13,-99.0636,1554.78
222,14,-101.889,1429.33
222,15,-105.009,1789.73
222,16,-101.648,1558.6
222,17,-103.469,1869.65
222,18,-82.7019,528.566
222,19,-85.3629,473.704
222,20,-94.4007,1174.22
222,21,-96.7948,1118.74
222,22,-91.0012,984.824
222,23,-94.6741,970.78
222,24,-91.5502,980.668
222,25,-104.631,1413.76
222,26,-92.3425,1182.21
222,27,-94.0155,1442.3
222,28,-98.955,1274.06
222,29,-93.3513,1353.01
222,30,-84.3574,731.262
222,31,-95.0508,1176.45
222,32,-85.9053,907.617
222,33,-88.3542,985.375
222,34,-97.1862,1251.84
222,35,-93.1729,1161.42
222,36,-90.6937,1035.21
222,37,-93.3376,1117.24
222,38,-98.457,1461.19
222,39,-91.7882,1121.7
222,40,-81.657,480.843
222,41,-101.081,1514.55
222,42,-97.016,1236.98
222,43,-91.3211,1191.48
222,44,-98.7401,1452.93
222,45,-106.684,1955.72
222,46,-100.19,1489.24
222,47,-87.1315,1067.99
222,48,-87.1237,1067.4
222,49,-87.1159,1066.82
222,50,-87.1081,1066.24
222,51,-94.1937,998.175
222,52,-96.9653,1125.47
222,53,-96.9573,1124.83
222,54,-87.1276,659.967
222,55,-85.7146,597.671
222,56,-85.6992,597.024
222,57,-81.4362,412.628
222,58,-86.8269,491.476
222,59,-86.8065,490.773
222,60,-88.1513,539.342
222,61,-88.1328,538.64
222,62,-88.2787,616.626
222,63,-88.2705,616.269
222,64,-87.9531,602.698
222,65,-87.9441,602.317
222,66,-87.5715,586.77
222,67,-87.5621,586.383
222,68,-87.1621,537.454
222,69,-87.1448,536.802
222,70,-84.191,564.784
222,71,-84.1741,564.113
222,72,-45.2502,56.565
222,73,-45.3596,57.0009
222,74,-75.6703,187.907
222,75,-68.1402,237.514
222,76,-93.4062,751.388
222,77,-89.6722,751.06
222,78,-89.5916,861.667
222,79,-84.4935,738.282
222,80,-84.4852,737.852
222,81,-84.4769,737.421
222,82,-86.6411,686.269
222,83,-86.6275,685.615
222,84,-100.625,1104.26
222,85,-100.616,1103.57
222,86,-100.607,1102.87
222,87,-100.598,1102.17
222,88,-92.7748,1350.68
222,89,-92.7675,1349.99
222,90,-91.6722,879.227
222,91,-91.6609,878.529
222,92,-91.6258,850.342
222,93,-91.614,849.636
222,94,-89.8759,609.027
222,95,-89.8622,608.44
222,96,-91.2794,617.964
222,97,-91.2673,617.441
222,98,-89.9548,1102.79
222,99,-89.95,1102.41
222,100,-89.9452,1102.04
222,101,-89.9404,1101.67
222,102,-97.9203,1165.72
222,103,-97.9155,1165.33
222,104,-101.327,1540.97
222,105,-101.322,1540.4
222,106,-101.317,1539.83
222,107,-101.311,1539.26
222,108,-101.306,1538.69
222,109,-101.022,1508.35
222,110,-101.017,1507.78
222,111,-93.2504,1447.72
222,112,-93.2449,1447.16
222,113,-98.2242,1515.64
222,114,-98.2193,1515.11
222,115,-98.2144,1514.59
222,116,-98.2094,1514.06
222,117,-98.0096,1347.12
222,118,-98.0048,1346.66
222,119,-97.9999,1346.2
222,120,-97.995,1345.74
222,121,-99.5945,1258.02
222,122,-99.5893,1257.56
222,123,-94.3919,1123.29
222,124,-94.3861,1122.83
222,125,-94.3802,1122.37
222,126,-94.3744,1121.91
222,127,-89.2726,995.103
222,128,-89.2655,994.609
222,129,-89.2584,994.115
222,130,-89.7656,916.762
222,131,-89.7571,916.215
222,132,-89.7486,915.669
222,133,-86.8412,886.116
222,134,-86.8321,885.549
222,135,-92.6043,879.033
222,136,-92.5942,878.412
222,137,-92.5841,877.792
222,138,-92.5741,877.171
222,139,-79.8987,734.015
222,140,-88.9199,883.623
222,141,-88.9089,882.942
222,142,-89.7303,935.333
222,143,-89.7204,934.682
222,144,-93.0053,904.121
222,145,-92.9953,903.49
222,146,-92.9854,902.858
222,147,-94.4784,1045.63
222,148,-94.4692,1044.96
222,149,-94.4601,1044.29
222,150,-94.4509,1043.62
222,151,-95.2745,1105.72
222,152,-95.2658,1105.04
222,153,-95.2571,1104.36
222,154,-94.2398,1161.05
222,155,-94.2315,1160.37
222,156,-98.3375,1355.14
222,157,-98.3304,1354.47
222,158,-99.1771,1437.38
222,159,-99.1705,1436.72
222,160,-98.99,1418.64
222,161,-98.9835,1417.98
222,162,-93.7147,1387.96
222,163,-93.7082,1387.32
222,164,-94.1235,1371.41
222,165,-94.117,1370.78
222,166,-94.1105,1370.16
222,167,-94.104,1369.53
222,168,-92.0226,1047.1
222,169,-92.013,1046.39
222,170,-91.7723,1083.6
222,171,-91.7631,1082.91
222,172,-92.7457,1216.14
222,173,-92.7376,1215.45
222,174,-93.2803,1142.44
222,175,-93.2715,1141.73
222,176,-99.7803,1331.67
222,177,-99.7729,1330.98
222,178,-98.5563,1471.41
222,179,-98.5495,1470.71
222,180,-98.6714,1445.94
222,181,-98.6644,1445.23
222,182,-99.0444,1310.08
222,183,-99.0367,1309.38
222,184,-91.5041,1206.87
222,185,-91.4957,1206.17
222,186,-97.3247,1264.07
222,187,-97.3169,1263.37
222,188,-99.271,1714.22
222,189,-99.2652,1713.53
222,190,-103.447,1808.52
222,191,-103.443,1807.91
222,192,-103.438,1807.31
222,193,-98.504,1694.06
222,194,-98.4989,1693.45
222,195,-99.0224,1734.99
222,196,-99.0171,1734.35
222,197,-99.0118,1733.71
222,198,-99.9641,1747.39
222,199,-99.9586,1746.71
222,200,-99.9531,1746.04
222,201,-95.8753,1647.46
222,202,-95.8696,1646.8
222,203,-105.659,1601.95
222,204,-105.653,1601.29
222,205,-105.647,1600.64
222,206,-100.442,1515.88
222,207,-100.436,1515.24
222,208,-100.43,1514.6
222,209,-99.8911,1458.36
222,210,-99.8848,1457.71
222,211,-99.8784,1457.06
222,212,-100.227,1669.21
222,213,-100.221,1668.51
222,214,-102.104,1451.02
222,215,-102.098,1450.42
222,216,-102.092,1449.82
222,217,-99.5313,1598
222,218,-93.3036,1324.6
222,219,-96.3447,1565.06
222,220,-96.339,1564.44
222,221,-79.6923,349.163
222,0,-70.0589,177.386
222,1,-95.7628,1409.33
222,2,-80.6534,522.123
222,3,-87.4786,629.109
222,4,-102.008,1559.37
222,5,-99.2589,1036
222,6,-100.728,1620.19
222,7,-96.1757,1089.82
222,8,-97.4587,1380.1
222,9,-89.4463,1183.21
222,10,-94.8017,1387.88
222,11,-99.0667,1324.46
222,12,-100.735,1414.68
222,13,-99.7685,1554.78
222,14,-92.5598,1429.33
222,15,-102.131,1789.73
222,16,-98.4775,1558.6
222,17,-96.255,1869.65
222,18,-87.942,528.566
222,19,-82.1485,473.704
222,20,-97.7449,1174.22
222,21,-95.0203,1118.74
222,22,-93.3553,984.824
222,23,-89.9254,970.78
222,24,-96.2056,980.668
222,25,-97.6928,1413.76
222,26,-99.565,1182.21
222,27,-95.9321,1442.3
222,28,-98.295,1274.06
222,29,-99.6664,1353.01
222,30,-87.3373,731.262
222,31,-91.7593,1176.45
222,32,-91.4361,907.617
222,33,-96.3344,985.375
222,34,-91.0892,1251.84
222,35,-95.4962,1161.42
222,36,-89.1683,1035.21
222,37,-97.3179,1117.24
222,38,-103.636,1461.19
222,39,-94.7586,1121.7
222,40,-81.024,480.843
222,41,-94.4076,1514.55
222,42,-90.919,1236.98
222,43,-93.7438,1191.48
222,44,-101.116,1452.93
222,45,-101.259,1955.72
222,46,-98.3209,1489.24
222,47,-102.113,1067.99
222,48,-102.106,1067.4
222,49,-102.098,1066.82
222,50,-102.09,1066.24
222,51,-97.855,998.175
222,52,-92.2711,1125.47
222,53,-92.263,1124.83
222,54,-92.3864,659.967
222,55,-90.9735,597.671
222,56,-90.958,597.024
222,57,-79.074,412.628
222,58,-81.8188,491.476
222,59,-81.7984,490.773
222,60,-83.1431,539.342
222,61,-83.1246,538.64
222,62,-88.2485,616.626
222,63,-88.2403,616.269
222,64,-87.923,602.698
222,65,-87.9139,602.317
222,66,-87.5413,586.77
222,67,-87.5319,586.383
222,68,-83.9478,537.454
222,69,-83.9305,536.802
222,70,-78.6497,564.784
222,71,-78.6328,564.113
222,72,-53.8925,56.565
222,73,-54.0019,57.0009
222,74,-70.88,187.907
222,75,-67.4649,237.514
222,76,-87.8362,751.388
222,77,-90.5129,751.06
222,78,-85.701,861.667
222,79,-87.4735,738.282
222,80,-87.4652,737.852
222,81,-87.4568,737.421
222,82,-88.7179,686.269
222,83,-88.7043,685.615
222,84,-94.7696,1104.26
222,85,-94.7606,1103.57
222,86,-94.7516,1102.87
222,87,-94.7426,1102.17
222,88,-99.1791,1350.68
222,89,-99.1718,1349.99
222,90,-93.5681,879.227
222,91,-93.5568,878.529
222,92,-89.0168,850.342
222,93,-89.005,849.636
222,94,-85.9628,609.027
222,95,-85.9491,608.44
222,96,-82.999,617.964
222,97,-82.9869,617.441
222,98,-94.4654,1102.79
222,99,-94.4605,1102.41
222,100,-94.4557,1102.04
222,101,-94.4509,1101.67
222,102,-97.3677,1165.72
222,103,-97.3629,1165.33
222,104,-94.654,1540.97
222,105,-94.6487,1540.4
222,106,-94.6434,1539.83
222,107,-94.6382,1539.26
222,108,-94.6329,1538.69
222,109,-94.3492,1508.35
222,110,-94.3437,1507.78
222,111,-102.287,1447.72
222,112,-102.282,1447.16
222,113,-97.9871,1515.64
222,114,-97.9821,1515.11
222,115,-97.9772,1514.59
222,116,-97.9722,1514.06
222,117,-97.2996,1347.12
222,118,-97.2948,1346.66
222,119,-97.2899,1346.2
222,120,-97.285,1345.74
222,121,-95.5318,1258.02
222,122,-95.5266,1257.56
222,123,-91.1005,1123.29
222,124,-91.0946,1122.83
222,125,-91.0887,1122.37
222,126,-91.0829,1121.91
222,127,-94.6102,995.103
222,128,-94.6032,994.609
222,129,-94.5961,994.115
222,130,-94.6104,916.762
222,131,-94.6019,916.215
222,132,-94.5934,915.669
222,133,-94.8214,886.116
222,134,-94.8123,885.549
222,135,-89.2334,879.033
222,136,-89.2233,878.412
222,137,-89.2133,877.792
222,138,-89.2032,877.171
222,139,-93.0971,734.015
222,140,-93.7149,883.623
222,141,-93.7039,882.942
222,142,-94.5253,935.333
222,143,-94.5154,934.682
222,144,-89.6344,904.121
222,145,-89.6245,903.49
222,146,-89.6145,902.858
222,147,-98.1129,1045.63
222,148,-98.1038,1044.96
222,149,-98.0946,1044.29
222,150,-98.0855,1043.62
222,151,-98.9091,1105.72
222,152,-98.9004,1105.04
222,153,-98.8916,1104.36
222,154,-97.5841,1161.05
222,155,-97.5757,1160.37
222,156,-98.6354,1355.14
222,157,-98.6283,1354.47
222,158,-99.475,1437.38
222,159,-99.4684,1436.72
222,160,-99.2879,1418.64
222,161,-99.2813,1417.98
222,162,-100.03,1387.96
222,163,-100.023,1387.32
222,164,-95.0608,1371.41
222,165,-95.0543,1370.78
222,166,-95.0478,1370.16
222,167,-95.0413,1369.53
222,168,-96.0832,1047.1
222,169,-96.0736,1046.39
222,170,-96.0941,1083.6
222,171,-96.085,1082.91
222,172,-99.9682,1216.14
222,173,-99.9601,1215.45
222,174,-93.4727,1142.44
222,175,-93.4638,1141.73
222,176,-96.929,1331.67
222,177,-96.9215,1330.98
222,178,-103.735,1471.41
222,179,-103.728,1470.71
222,180,-101.047,1445.94
222,181,-101.04,1445.23
222,182,-99.9379,1310.08
222,183,-99.9302,1309.38
222,184,-93.9268,1206.87
222,185,-93.9184,1206.17
222,186,-91.2277,1264.07
222,187,-91.2199,1263.37
222,188,-91.1594,1714.22
222,189,-91.1536,1713.53
222,190,-97.6902,1808.52
222,191,-97.6855,1807.91
222,192,-97.6807,1807.31
222,193,-101.364,1694.06
222,194,-101.358,1693.45
222,195,-98.0582,1734.99
222,196,-98.0529,1734.35
222,197,-98.0476,1733.71
222,198,-104.371,1747.39
222,199,-104.366,1746.71
222,200,-104.36,1746.04
222,201,-101.583,1647.46
222,202,-101.577,1646.8
222,203,-98.8229,1601.95
222,204,-98.8171,1601.29
222,205,-98.8112,1600.64
222,206,-98.5736,1515.88
222,207,-98.5676,1515.24
222,208,-98.5616,1514.6
222,209,-98.0223,1458.36
222,210,-98.016,1457.71
222,211,-98.0096,1457.06
222,212,-102.087,1669.21
222,213,-102.081,1668.51
222,214,-92.7745,1451.02
222,215,-92.7686,1450.42
222,216,-92.7627,1449.82
222,217,-102.193,1598
222,218,-95.3581,1324.6
222,219,-102.06,1565.06
222,220,-102.054,1564.44
222,221,-80.833,349.163
222,0,-71.848,177.386
222,1,-96.1633,1409.33
222,2,-83.957,522.123
222,3,-80.4477,629.109
222,4,-100.237,1559.37
222,5,-91.2341,1036
222,6,-101.605,1620.19
222,7,-93.9674,1089.82
222,8,-102.539,1380.1
222,9,-94.0146,1183.21
222,10,-98.7944,1387.88
222,11,-96.9715,1324.46
222,12,-99.9338,1414.68
222,13,-101.647,1554.78
222,14,-98.6612,1429.33
222,15,-109.3,1789.73
222,16,-95.9422,1558.6
222,17,-103.452,1869.65
222,18,-83.6179,528.566
222,19,-81.8996,473.704
222,20,-94.5216,1174.22
222,21,-95.2119,1118.74
222,22,-91.2318,984.824
222,23,-95.2826,970.78
222,24,-93.7318,980.668
222,25,-98.5496,1413.76
222,26,-98.1189,1182.21
222,27,-93.9991,1442.3
222,28,-92.0097,1274.06
222,29,-98.4982,1353.01
222,30,-91.6833,731.262
222,31,-93.0376,1176.45
222,32,-83.8693,907.617
222,33,-84.5833,985.375
222,34,-94.4779,1251.84
222,35,-101.869,1161.42
222,36,-93.5933,1035.21
222,37,-94.6563,1117.24
222,38,-93.5942,1461.19
222,39,-88.9567,1121.7
222,40,-83.5894,480.843
222,41,-97.215,1514.55
222,42,-94.3077,1236.98
222,43,-101.88,1191.48
222,44,-100.314,1452.93
222,45,-105.801,1955.72
222,46,-102.649,1489.24
222,47,-89.8196,1067.99
222,48,-89.8118,1067.4
222,49,-89.804,1066.82
222,50,-89.7962,1066.24
222,51,-92.4356,998.175
222,52,-93.8511,1125.47
222,53,-93.843,1124.83
222,54,-88.2674,659.967
222,55,-86.8545,597.671
222,56,-86.8391,597.024
222,57,-85.9743,412.628
222,58,-76.2845,491.476
222,59,-76.2641,490.773
222,60,-77.6089,539.342
222,61,-77.5903,538.64
222,62,-91.5866,616.626
222,63,-91.5783,616.269
222,64,-91.261,602.698
222,65,-91.252,602.317
222,66,-90.8793,586.77
222,67,-90.8699,586.383
222,68,-83.6989,537.454
222,69,-83.6816,536.802
222,70,-85.6455,564.784
222,71,-85.6285,564.113
222,72,-49.3441,56.565
222,73,-49.4535,57.0009
222,74,-72.6691,187.907
222,75,-72.2061,237.514
222,76,-88.9687,751.388
222,77,-88.4037,751.06
222,78,-95.6788,861.667
222,79,-91.8194,738.282
222,80,-91.8111,737.852
222,81,-91.8028,737.421
222,82,-81.687,686.269
222,83,-81.6734,685.615
222,84,-91.546,1104.26
222,85,-91.5371,1103.57
222,86,-91.5281,1102.87
222,87,-91.5191,1102.17
222,88,-90.7056,1350.68
222,89,-90.6983,1349.99
222,90,-86.8556,879.227
222,91,-86.8443,878.529
222,92,-85.7641,850.342
222,93,-85.7523,849.636
222,94,-82.3585,609.027
222,95,-82.3448,608.44
222,96,-86.7675,617.964
222,97,-86.7554,617.441
222,98,-91.7838,1102.79
222,99,-91.779,1102.41
222,100,-91.7742,1102.04
222,101,-91.7693,1101.67
222,102,-95.6048,1165.72
222,103,-95.6,1165.33
222,104,-97.4614,1540.97
222,105,-97.4561,1540.4
222,106,-97.4508,1539.83
222,107,-97.4456,1539.26
222,108,-97.4403,1538.69
222,109,-97.1565,1508.35
222,110,-97.1511,1507.78
222,111,-98.8807,1447.72
222,112,-98.8752,1447.16
222,113,-103.018,1515.64
222,114,-103.013,1515.11
222,115,-103.008,1514.59
222,116,-103.003,1514.06
222,117,-93.055,1347.12
222,118,-93.0501,1346.66
222,119,-93.0452,1346.2
222,120,-93.0404,1345.74
222,121,-93.6055,1258.02
222,122,-93.6003,1257.56
222,123,-92.3787,1123.29
222,124,-92.3729,1122.83
222,125,-92.367,1122.37
222,126,-92.3611,1121.91
222,127,-92.7478,995.103
222,128,-92.7407,994.609
222,129,-92.7336,994.115
222,130,-85.6166,916.762
222,131,-85.6081,916.215
222,132,-85.5996,915.669
222,133,-83.0703,886.116
222,134,-83.0612,885.549
222,135,-90.7911,879.033
222,136,-90.7811,878.412
222,137,-90.771,877.792
222,138,-90.7609,877.171
222,139,-86.6642,734.015
222,140,-88.9434,883.623
222,141,-88.9325,882.942
222,142,-89.7539,935.333
222,143,-89.744,934.682
222,144,-91.1921,904.121
222,145,-91.1822,903.49
222,146,-91.1722,902.858
222,147,-87.9861,1045.63
222,148,-87.9769,1044.96
222,149,-87.9678,1044.29
222,150,-87.9586,1043.62
222,151,-88.7823,1105.72
222,152,-88.7735,1105.04
222,153,-88.7648,1104.36
222,154,-94.3608,1161.05
222,155,-94.3524,1160.37
222,156,-94.2811,1355.14
222,157,-94.274,1354.47
222,158,-95.1207,1437.38
222,159,-95.1141,1436.72
222,160,-94.9336,1418.64
222,161,-94.927,1417.98
222,162,-98.8616,1387.96
222,163,-98.8551,1387.32
222,164,-94.2193,1371.41
222,165,-94.2128,1370.78
222,166,-94.2063,1370.16
222,167,-94.1998,1369.53
222,168,-90.8368,1047.1
222,169,-90.8272,1046.39
222,170,-93.8859,1083.6
222,171,-93.8768,1082.91
222,172,-98.5221,1216.14
222,173,-98.514,1215.45
222,174,-89.9294,1142.44
222,175,-89.9206,1141.73
222,176,-101.333,1331.67
222,177,-101.326,1330.98
222,178,-93.6935,1471.41
222,179,-93.6867,1470.71
222,180,-100.245,1445.94
222,181,-100.238,1445.23
222,182,-94.3541,1310.08
222,183,-94.3464,1309.38
222,184,-102.063,1206.87
222,185,-102.055,1206.17
222,186,-94.6164,1264.07
222,187,-94.6086,1263.37
222,188,-98.6404,1714.22
222,189,-98.6346,1713.53
222,190,-93.553,1808.52
222,191,-93.5483,1807.91
222,192,-93.5435,1807.31
222,193,-102.241,1694.06
222,194,-102.235,1693.45
222,195,-106.343,1734.99
222,196,-106.338,1734.35
222,197,-106.333,1733.71
222,198,-102.591,1747.39
222,199,-102.586,1746.71
222,200,-102.58,1746.04
222,201,-102.916,1647.46
222,202,-102.911,1646.8
222,203,-98.9951,1601.95
222,204,-98.9893,1601.29
222,205,-98.9834,1600.64
222,206,-102.902,1515.88
222,207,-102.896,1515.24
222,208,-102.89,1514.6
222,209,-102.351,1458.36
222,210,-102.344,1457.71
222,211,-102.338,1457.06
222,212,-99.1344,1669.21
222,213,-99.1284,1668.51
222,214,-98.8758,1451.02
222,215,-98.8699,1450.42
222,216,-98.864,1449.82
222,217,-99.408,1598
222,218,-94.1377,1324.6
222,219,-100.289,1565.06
222,220,-100.283,1564.44
222,221,-84.3663,349.163
222,0,-67.9002,177.386
222,1,-99.0969,1409.33
222,2,-81.4903,522.123
222,3,-86.6289,629.109
222,4,-94.6634,1559.37
222,5,-92.7822,1036
222,6,-100.966,1620.19
222,7,-96.2094,1089.82
222,8,-92.3389,1380.1
222,9,-94.3364,1183.21
222,10,-95.2502,1387.88
222,11,-93.6389,1324.46
222,12,-96.5271,1414.68
222,13,-109.392,1554.78
222,14,-94.1809,1429.33
222,15,-96.7155,1789.73
222,16,-102.942,1558.6
222,17,-95.139,1869.65
222,18,-79.579,528.566
222,19,-79.2661,473.704
222,20,-96.6025,1174.22
222,21,-92.519,1118.74
222,22,-91.6274,984.824
222,23,-96.2751,970.78
222,24,-84.5782,980.668
222,25,-103.269,1413.76
222,26,-96.0414,1182.21
222,27,-97.3321,1442.3
222,28,-95.0149,1274.06
222,29,-97.103,1353.01
222,30,-93.5384,731.262
222,31,-94.3722,1176.45
222,32,-91.1353,907.617
222,33,-89.9873,985.375
222,34,-93.912,1251.84
222,35,-100.079,1161.42
222,36,-88.8689,1035.21
222,37,-95.4174,1117.24
222,38,-91.875,1461.19
222,39,-92.6862,1121.7
222,40,-81.6971,480.843
222,41,-105.437,1514.55
222,42,-93.7419,1236.98
222,43,-91.3627,1191.48
222,44,-96.9073,1452.93
222,45,-98.5023,1955.72
222,46,-102.033,1489.24
222,47,-97.4384,1067.99
222,48,-97.4306,1067.4
222,49,-97.4228,1066.82
222,50,-97.415,1066.24
222,51,-97.5601,998.175
222,52,-99.2111,1125.47
222,53,-99.203,1124.83
222,54,-86.534,659.967
222,55,-85.1211,597.671
222,56,-85.1056,597.024
222,57,-76.4832,412.628
222,58,-82.6667,491.476
222,59,-82.6463,490.773
222,60,-83.9911,539.342
222,61,-83.9725,538.64
222,62,-87.324,616.626
222,63,-87.3158,616.269
222,64,-86.9985,602.698
222,65,-86.9895,602.317
222,66,-86.6168,586.77
222,67,-86.6074,586.383
222,68,-81.0654,537.454
222,69,-81.0481,536.802
222,70,-80.7422,564.784
222,71,-80.7253,564.113
222,72,-45.3833,56.565
222,73,-45.4927,57.0009
222,74,-68.7213,187.907
222,75,-74.1481,237.514
222,76,-89.6979,751.388
222,77,-94.1143,751.06
222,78,-81.7924,861.667
222,79,-93.6745,738.282
222,80,-93.6662,737.852
222,81,-93.6579,737.421
222,82,-87.8682,686.269
222,83,-87.8546,685.615
222,84,-96.2768,1104.26
222,85,-96.2678,1103.57
222,86,-96.2588,1102.87
222,87,-96.2498,1102.17
222,88,-94.9917,1350.68
222,89,-94.9844,1349.99
222,90,-94.6703,879.227
222,91,-94.659,878.529
222,92,-85.4644,850.342
222,93,-85.4525,849.636
222,94,-87.0341,609.027
222,95,-87.0204,608.44
222,96,-86.0326,617.964
222,97,-86.0205,617.441
222,98,-90.8725,1102.79
222,99,-90.8677,1102.41
222,100,-90.8628,1102.04
222,101,-90.858,1101.67
222,102,-95.1303,1165.72
222,103,-95.1255,1165.33
222,104,-105.684,1540.97
222,105,-105.679,1540.4
222,106,-105.673,1539.83
222,107,-105.668,1539.26
222,108,-105.663,1538.69
222,109,-105.379,1508.35
222,110,-105.374,1507.78
222,111,-96.8164,1447.72
222,112,-96.8109,1447.16
222,113,-99.1433,1515.64
222,114,-99.1384,1515.11
222,115,-99.1334,1514.59
222,116,-99.1285,1514.06
222,117,-101.26,1347.12
222,118,-101.255,1346.66
222,119,-101.25,1346.2
222,120,-101.245,1345.74
222,121,-95.7286,1258.02
222,122,-95.7234,1257.56
222,123,-93.7133,1123.29
222,124,-93.7075,1122.83
222,125,-93.7016,1122.37
222,126,-93.6957,1121.91
222,127,-91.4693,995.103
222,128,-91.4622,994.609
222,129,-91.4551,994.115
222,130,-82.1572,916.762
222,131,-82.1487,916.215
222,132,-82.1402,915.669
222,133,-88.4742,886.116
222,134,-88.4651,885.549
222,135,-90.6714,879.033
222,136,-90.6614,878.412
222,137,-90.6513,877.792
222,138,-90.6412,877.171
222,139,-86.3634,734.015
222,140,-87.9203,883.623
222,141,-87.9094,882.942
222,142,-88.7308,935.333
222,143,-88.7209,934.682
222,144,-91.0725,904.121
222,145,-91.0625,903.49
222,146,-91.0525,902.858
222,147,-87.3647,1045.63
222,148,-87.3555,1044.96
222,149,-87.3464,1044.29
222,150,-87.3372,1043.62
222,151,-88.1608,1105.72
222,152,-88.1521,1105.04
222,153,-88.1434,1104.36
222,154,-96.4416,1161.05
222,155,-96.4333,1160.37
222,156,-94.5167,1355.14
222,157,-94.5097,1354.47
222,158,-95.3564,1437.38
222,159,-95.3498,1436.72
222,160,-95.1693,1418.64
222,161,-95.1627,1417.98
222,162,-97.4664,1387.96
222,163,-97.4598,1387.32
222,164,-98.4174,1371.41
222,165,-98.4109,1370.78
222,166,-98.4044,1370.16
222,167,-98.3978,1369.53
222,168,-90.609,1047.1
222,169,-90.5994,1046.39
222,170,-96.1279,1083.6
222,171,-96.1188,1082.91
222,172,-96.4446,1216.14
222,173,-96.4365,1215.45
222,174,-91.0111,1142.44
222,175,-91.0023,1141.73
222,176,-92.374,1331.67
222,177,-92.3666,1330.98
222,178,-91.9743,1471.41
222,179,-91.9676,1470.71
222,180,-96.8385,1445.94
222,181,-96.8316,1445.23
222,182,-93.9973,1310.08
222,183,-93.9896,1309.38
222,184,-91.5456,1206.87
222,185,-91.5373,1206.17
222,186,-94.0506,1264.07
222,187,-94.0427,1263.37
222,188,-101.61,1714.22
222,189,-101.605,1713.53
222,190,-105.325,1808.52
222,191,-105.32,1807.91
222,192,-105.315,1807.31
222,193,-101.602,1694.06
222,194,-101.596,1693.45
222,195,-103.117,1734.99
222,196,-103.112,1734.35
222,197,-103.107,1733.71
222,198,-97.062,1747.39
222,199,-97.0565,1746.71
222,200,-97.0511,1746.04
222,201,-100.824,1647.46
222,202,-100.818,1646.8
222,203,-98.8811,1601.95
222,204,-98.8753,1601.29
222,205,-98.8694,1600.64
222,206,-102.285,1515.88
222,207,-102.279,1515.24
222,208,-102.273,1514.6
222,209,-101.734,1458.36
222,210,-101.728,1457.71
222,211,-101.721,1457.06
222,212,-101.624,1669.21
222,213,-101.618,1668.51
222,214,-94.3955,1451.02
222,215,-94.3896,1450.42
222,216,-94.3837,1449.82
222,217,-93.1297,1598
222,218,-99.4832,1324.6
222,219,-94.7153,1565.06
222,220,-94.7096,1564.44
222,221,-77.7075,349.163
