0,1527.41,2180.21,1.5,7,500,1694.97,2141.47,44.9188,177.386
1,297.312,1965.81,1.5,7,500,1694.97,2141.47,44.9188,1409.33
2,1535.55,1646.18,1.5,7,500,1694.97,2141.47,44.9188,522.123
3,1149.49,1831.09,1.5,7,500,1694.97,2141.47,44.9188,629.109
4,1186.8,667.866,1.5,7,500,1694.97,2141.47,44.9188,1559.37
5,680.841,2348.69,1.5,7,500,1694.97,2141.47,44.9188,1036
6,1204.95,597.769,1.5,7,500,1694.97,2141.47,44.9188,1620.19
7,1143.06,1202.75,1.5,7,500,1694.97,2141.47,44.9188,1089.82
8,352.053,1826.28,1.5,7,500,1694.97,2141.47,44.9188,1380.1
9,556.256,1822.99,1.5,7,500,1694.97,2141.47,44.9188,1183.21
10,308.252,2105.02,1.5,7,500,1694.97,2141.47,44.9188,1387.88
11,840.657,1130.31,1.5,7,500,1694.97,2141.47,44.9188,1324.46
12,700.225,1136.53,1.5,7,500,1694.97,2141.47,44.9188,1414.68
13,1289.37,641.152,1.5,7,500,1694.97,2141.47,44.9188,1554.78
14,1330.71,760.022,1.5,7,500,1694.97,2141.47,44.9188,1429.33
15,1067.96,465.732,1.5,7,500,1694.97,2141.47,44.9188,1789.73
16,138.615,2070.03,1.5,7,500,1694.97,2141.47,44.9188,1558.6
17,1141.11,356.271,1.5,7,500,1694.97,2141.47,44.9188,1869.65
18,1403.1,1702.95,1.5,7,500,1694.97,2141.47,44.9188,528.566
19,1256.48,1967.59,1.5,7,500,1694.97,2141.47,44.9188,473.704
20,700.848,1518.07,1.5,7,500,1694.97,2141.47,44.9188,1174.22
21,829.965,1433.34,1.5,7,500,1694.97,2141.47,44.9188,1118.74
22,857.054,1625.83,1.5,7,500,1694.97,2141.47,44.9188,984.824
23,965.17,1502.79,1.5,7,500,1694.97,2141.47,44.9188,970.78
24,770.328,2465.28,1.5,7,500,1694.97,2141.47,44.9188,980.668
25,750.766,1090.14,1.5,7,500,1694.97,2141.47,44.9188,1413.76
26,1062.64,1143.53,1.5,7,500,1694.97,2141.47,44.9188,1182.21
27,1035.71,859.396,1.5,7,500,1694.97,2141.47,44.9188,1442.3
28,423.024,2082.37,1.5,7,500,1694.97,2141.47,44.9188,1274.06
29,428.705,1666.8,1.5,7,500,1694.97,2141.47,44.9188,1353.01
30,965.046,2149.36,1.5,7,500,1694.97,2141.47,44.9188,731.262
31,519.368,2150.89,1.5,7,500,1694.97,2141.47,44.9188,1176.45
32,811.661,2345.53,1.5,7,500,1694.97,2141.47,44.9188,907.617
33,724.497,1976.39,1.5,7,500,1694.97,2141.47,44.9188,985.375
34,968.081,1123.22,1.5,7,500,1694.97,2141.47,44.9188,1251.84
35,546.812,2311.01,1.5,7,500,1694.97,2141.47,44.9188,1161.42
36,666.715,2029.88,1.5,7,500,1694.97,2141.47,44.9188,1035.21
37,670.199,1698.57,1.5,7,500,1694.97,2141.47,44.9188,1117.24
38,777.679,1004.92,1.5,7,500,1694.97,2141.47,44.9188,1461.19
39,956.6,1298.19,1.5,7,500,1694.97,2141.47,44.9188,1121.7
40,1218.2,2096.66,1.5,7,500,1694.97,2141.47,44.9188,480.843
41,213.981,1827.41,1.5,7,500,1694.97,2141.47,44.9188,1514.55
42,955.805,1150.58,1.5,7,500,1694.97,2141.47,44.9188,1236.98
43,905,1250.58,1.5,7,500,1694.97,2141.47,44.9188,1191.48
44,684.092,1098.76,1.5,7,500,1694.97,2141.47,44.9188,1452.93
45,1188.78,252.895,1.5,7,500,1694.97,2141.47,44.9188,1955.72
46,1192.24,740.329,1.5,7,500,1694.97,2141.47,44.9188,1489.24
47,1494.52,1093.36,1.5,7,500,1694.97,2141.47,44.9188,1067.99
48,1495.02,1093.86,1.5,7,500,1694.97,2141.47,44.9188,1067.4
49,1495.52,1094.36,1.5,7,500,1694.97,2141.47,44.9188,1066.82
50,1496.02,1094.86,1.5,7,500,1694.97,2141.47,44.9188,1066.24
51,1444.59,1176.19,1.5,7,500,1694.97,2141.47,44.9188,998.175
52,1320.34,1081.07,1.5,7,500,1694.97,2141.47,44.9188,1125.47
53,1320.84,1081.57,1.5,7,500,1694.97,2141.47,44.9188,1124.83
54,1427.71,1539.61,1.5,7,500,1694.97,2141.47,44.9188,659.967
55,1475,1587.45,1.5,7,500,1694.97,2141.47,44.9188,597.671
56,1475.5,1587.95,1.5,7,500,1694.97,2141.47,44.9188,597.024
57,1512.03,1774.17,1.5,7,500,1694.97,2141.47,44.9188,412.628
58,1370.42,1774.97,1.5,7,500,1694.97,2141.47,44.9188,491.476
59,1370.92,1775.47,1.5,7,500,1694.97,2141.47,44.9188,490.773
60,1282.52,1796.67,1.5,7,500,1694.97,2141.47,44.9188,539.342
61,1283.02,1797.17,1.5,7,500,1694.97,2141.47,44.9188,538.64
62,1099.84,2296.9,1.5,7,500,1694.97,2141.47,44.9188,616.626
63,1100.34,2297.4,1.5,7,500,1694.97,2141.47,44.9188,616.269
64,1107.43,2268.54,1.5,7,500,1694.97,2141.47,44.9188,602.698
65,1107.93,2269.04,1.5,7,500,1694.97,2141.47,44.9188,602.317
66,1121.83,2259.43,1.5,7,500,1694.97,2141.47,44.9188,586.77
67,1122.33,2259.93,1.5,7,500,1694.97,2141.47,44.9188,586.383
68,1200.81,1934.65,1.5,7,500,1694.97,2141.47,44.9188,537.454
69,1201.31,1935.15,1.5,7,500,1694.97,2141.47,44.9188,536.802
70,1193.81,1884.71,1.5,7,500,1694.97,2141.47,44.9188,564.784
71,1194.31,1885.21,1.5,7,500,1694.97,2141.47,44.9188,564.113
72,1711.94,2173.51,1.5,7,500,1694.97,2141.47,44.9188,56.565
73,1712.44,2174.01,1.5,7,500,1694.97,2141.47,44.9188,57.0009
74,1530.54,2221.38,1.5,7,500,1694.97,2141.47,44.9188,187.907
75,1500.18,2270.25,1.5,7,500,1694.97,2141.47,44.9188,237.514
76,978.849,2364.77,1.5,7,500,1694.97,2141.47,44.9188,751.388
77,979.349,2365.27,1.5,7,500,1694.97,2141.47,44.9188,751.06
78,855.868,2332.48,1.5,7,500,1694.97,2141.47,44.9188,861.667
79,964.111,2236.4,1.5,7,500,1694.97,2141.47,44.9188,738.282
80,964.611,2236.9,1.5,7,500,1694.97,2141.47,44.9188,737.852
81,965.111,2237.4,1.5,7,500,1694.97,2141.47,44.9188,737.421
82,1063.94,1875.25,1.5,7,500,1694.97,2141.47,44.9188,686.269
83,1064.44,1875.75,1.5,7,500,1694.97,2141.47,44.9188,685.615
84,794.766,1503.4,1.5,7,500,1694.97,2141.47,44.9188,1104.26
85,795.266,1503.9,1.5,7,500,1694.97,2141.47,44.9188,1103.57
86,795.766,1504.4,1.5,7,500,1694.97,2141.47,44.9188,1102.87
87,796.266,1504.9,1.5,7,500,1694.97,2141.47,44.9188,1102.17
88,569.336,1396.23,1.5,7,500,1694.97,2141.47,44.9188,1350.68
89,569.836,1396.73,1.5,7,500,1694.97,2141.47,44.9188,1349.99
90,983.624,1626.56,1.5,7,500,1694.97,2141.47,44.9188,879.227
91,984.124,1627.06,1.5,7,500,1694.97,2141.47,44.9188,878.529
92,1116.24,1519.97,1.5,7,500,1694.97,2141.47,44.9188,850.342
93,1116.74,1520.47,1.5,7,500,1694.97,2141.47,44.9188,849.636
94,1099.26,2022.51,1.5,7,500,1694.97,2141.47,44.9188,609.027
95,1099.76,2023.01,1.5,7,500,1694.97,2141.47,44.9188,608.44
96,1079.35,2109.85,1.5,7,500,1694.97,2141.47,44.9188,617.964
97,1079.85,2110.35,1.5,7,500,1694.97,2141.47,44.9188,617.441
98,621.541,2390.46,1.5,7,500,1694.97,2141.47,44.9188,1102.79
99,622.041,2390.96,1.5,7,500,1694.97,2141.47,44.9188,1102.41
100,622.541,2391.46,1.5,7,500,1694.97,2141.47,44.9188,1102.04
101,623.041,2391.96,1.5,7,500,1694.97,2141.47,44.9188,1101.67
102,552.428,2368.66,1.5,7,500,1694.97,2141.47,44.9188,1165.72
103,552.928,2369.16,1.5,7,500,1694.97,2141.47,44.9188,1165.33
104,172.137,1909.84,1.5,7,500,1694.97,2141.47,44.9188,1540.97
105,172.637,1910.34,1.5,7,500,1694.97,2141.47,44.9188,1540.4
106,173.137,1910.84,1.5,7,500,1694.97,2141.47,44.9188,1539.83
107,173.637,1911.34,1.5,7,500,1694.97,2141.47,44.9188,1539.26
108,174.137,1911.84,1.5,7,500,1694.97,2141.47,44.9188,1538.69
109,208.803,1887.42,1.5,7,500,1694.97,2141.47,44.9188,1508.35
110,209.303,1887.92,1.5,7,500,1694.97,2141.47,44.9188,1507.78
111,259.565,1958.14,1.5,7,500,1694.97,2141.47,44.9188,1447.72
112,260.065,1958.64,1.5,7,500,1694.97,2141.47,44.9188,1447.16
113,182.146,2060.07,1.5,7,500,1694.97,2141.47,44.9188,1515.64
114,182.646,2060.57,1.5,7,500,1694.97,2141.47,44.9188,1515.11
115,183.146,2061.07,1.5,7,500,1694.97,2141.47,44.9188,1514.59
116,183.646,2061.57,1.5,7,500,1694.97,2141.47,44.9188,1514.06
117,352.488,2244.35,1.5,7,500,1694.97,2141.47,44.9188,1347.12
118,352.988,2244.85,1.5,7,500,1694.97,2141.47,44.9188,1346.66
119,353.488,2245.35,1.5,7,500,1694.97,2141.47,44.9188,1346.2
120,353.988,2245.85,1.5,7,500,1694.97,2141.47,44.9188,1345.74
121,441.754,2242.27,1.5,7,500,1694.97,2141.47,44.9188,1258.02
122,442.254,2242.77,1.5,7,500,1694.97,2141.47,44.9188,1257.56
123,575.428,2222.22,1.5,7,500,1694.97,2141.47,44.9188,1123.29
124,575.928,2222.72,1.5,7,500,1694.97,2141.47,44.9188,1122.83
125,576.428,2223.22,1.5,7,500,1694.97,2141.47,44.9188,1122.37
126,576.928,2223.72,1.5,7,500,1694.97,2141.47,44.9188,1121.91
127,700.873,2151.75,1.5,7,500,1694.97,2141.47,44.9188,995.103
128,701.373,2152.25,1.5,7,500,1694.97,2141.47,44.9188,994.609
129,701.873,2152.75,1.5,7,500,1694.97,2141.47,44.9188,994.115
130,783.832,2049.89,1.5,7,500,1694.97,2141.47,44.9188,916.762
131,784.332,2050.39,1.5,7,500,1694.97,2141.47,44.9188,916.215
132,784.832,2050.89,1.5,7,500,1694.97,2141.47,44.9188,915.669
133,819.598,2010.96,1.5,7,500,1694.97,2141.47,44.9188,886.116
134,820.098,2011.46,1.5,7,500,1694.97,2141.47,44.9188,885.549
135,853.198,1892.02,1.5,7,500,1694.97,2141.47,44.9188,879.033
136,853.698,1892.52,1.5,7,500,1694.97,2141.47,44.9188,878.412
137,854.198,1893.02,1.5,7,500,1694.97,2141.47,44.9188,877.792
138,854.698,1893.52,1.5,7,500,1694.97,2141.47,44.9188,877.171
139,1004.07,1897.45,1.5,7,500,1694.97,2141.47,44.9188,734.015
140,927.478,1705.75,1.5,7,500,1694.97,2141.47,44.9188,883.623
141,927.978,1706.25,1.5,7,500,1694.97,2141.47,44.9188,882.942
142,829.368,1789.78,1.5,7,500,1694.97,2141.47,44.9188,935.333
143,829.868,1790.28,1.5,7,500,1694.97,2141.47,44.9188,934.682
144,838.303,1855.7,1.5,7,500,1694.97,2141.47,44.9188,904.121
145,838.803,1856.2,1.5,7,500,1694.97,2141.47,44.9188,903.49
146,839.303,1856.7,1.5,7,500,1694.97,2141.47,44.9188,902.858
147,762.127,1671.09,1.5,7,500,1694.97,2141.47,44.9188,1045.63
148,762.627,1671.59,1.5,7,500,1694.97,2141.47,44.9188,1044.96
149,763.127,1672.09,1.5,7,500,1694.97,2141.47,44.9188,1044.29
150,763.627,1672.59,1.5,7,500,1694.97,2141.47,44.9188,1043.62
151,724.953,1612.53,1.5,7,500,1694.97,2141.47,44.9188,1105.72
152,725.453,1613.03,1.5,7,500,1694.97,2141.47,44.9188,1105.04
153,725.953,1613.53,1.5,7,500,1694.97,2141.47,44.9188,1104.36
154,676.871,1585.05,1.5,7,500,1694.97,2141.47,44.9188,1161.05
155,677.371,1585.55,1.5,7,500,1694.97,2141.47,44.9188,1160.37
156,492.674,1517.78,1.5,7,500,1694.97,2141.47,44.9188,1355.14
157,493.174,1518.28,1.5,7,500,1694.97,2141.47,44.9188,1354.47
158,401.832,1515.4,1.5,7,500,1694.97,2141.47,44.9188,1437.38
159,402.332,1515.9,1.5,7,500,1694.97,2141.47,44.9188,1436.72
160,390.37,1585.91,1.5,7,500,1694.97,2141.47,44.9188,1418.64
161,390.87,1586.41,1.5,7,500,1694.97,2141.47,44.9188,1417.98
162,388.612,1674.61,1.5,7,500,1694.97,2141.47,44.9188,1387.96
163,389.112,1675.11,1.5,7,500,1694.97,2141.47,44.9188,1387.32
164,386.133,1734.28,1.5,7,500,1694.97,2141.47,44.9188,1371.41
165,386.633,1734.78,1.5,7,500,1694.97,2141.47,44.9188,1370.78
166,387.133,1735.28,1.5,7,500,1694.97,2141.47,44.9188,1370.16
167,387.633,1735.78,1.5,7,500,1694.97,2141.47,44.9188,1369.53
168,982.204,1375.65,1.5,7,500,1694.97,2141.47,44.9188,1047.1
169,982.704,1376.15,1.5,7,500,1694.97,2141.47,44.9188,1046.39
170,1087.53,1245.19,1.5,7,500,1694.97,2141.47,44.9188,1083.6
171,1088.03,1245.69,1.5,7,500,1694.97,2141.47,44.9188,1082.91
172,1059.19,1105.67,1.5,7,500,1694.97,2141.47,44.9188,1216.14
173,1059.69,1106.17,1.5,7,500,1694.97,2141.47,44.9188,1215.45
174,924.853,1298.75,1.5,7,500,1694.97,2141.47,44.9188,1142.44
175,925.353,1299.25,1.5,7,500,1694.97,2141.47,44.9188,1141.73
176,951.715,1037.37,1.5,7,500,1694.97,2141.47,44.9188,1331.67
177,952.215,1037.87,1.5,7,500,1694.97,2141.47,44.9188,1330.98
178,808.317,968.019,1.5,7,500,1694.97,2141.47,44.9188,1471.41
179,808.817,968.519,1.5,7,500,1694.97,2141.47,44.9188,1470.71
180,648.33,1144.78,1.5,7,500,1694.97,2141.47,44.9188,1445.94
181,648.83,1145.28,1.5,7,500,1694.97,2141.47,44.9188,1445.23
182,772.971,1211.77,1.5,7,500,1694.97,2141.47,44.9188,1310.08
183,773.471,1212.27,1.5,7,500,1694.97,2141.47,44.9188,1309.38
184,869.194,1262.41,1.5,7,500,1694.97,2141.47,44.9188,1206.87
185,869.694,1262.91,1.5,7,500,1694.97,2141.47,44.9188,1206.17
186,962.788,1111.97,1.5,7,500,1694.97,2141.47,44.9188,1264.07
187,963.288,1112.47,1.5,7,500,1694.97,2141.47,44.9188,1263.37
188,725.214,728.589,1.5,7,500,1694.97,2141.47,44.9188,1714.22
189,725.714,729.089,1.5,7,500,1694.97,2141.47,44.9188,1713.53
190,1262.08,386.067,1.5,7,500,1694.97,2141.47,44.9188,1808.52
191,1262.58,386.567,1.5,7,500,1694.97,2141.47,44.9188,1807.91
192,1263.08,387.067,1.5,7,500,1694.97,2141.47,44.9188,1807.31
193,1257.64,505.414,1.5,7,500,1694.97,2141.47,44.9188,1694.06
194,1258.14,505.914,1.5,7,500,1694.97,2141.47,44.9188,1693.45
195,1090.64,515.708,1.5,7,500,1694.97,2141.47,44.9188,1734.99
196,1091.14,516.208,1.5,7,500,1694.97,2141.47,44.9188,1734.35
197,1091.64,516.708,1.5,7,500,1694.97,2141.47,44.9188,1733.71
198,899.086,586.469,1.5,7,500,1694.97,2141.47,44.9188,1747.39
199,899.586,586.969,1.5,7,500,1694.97,2141.47,44.9188,1746.71
200,900.086,587.469,1.5,7,500,1694.97,2141.47,44.9188,1746.04
201,1013.41,642.235,1.5,7,500,1694.97,2141.47,44.9188,1647.46
202,1013.91,642.735,1.5,7,500,1694.97,2141.47,44.9188,1646.8
203,1077.48,663.955,1.5,7,500,1694.97,2141.47,44.9188,1601.95
204,1077.98,664.455,1.5,7,500,1694.97,2141.47,44.9188,1601.29
205,1078.48,664.955,1.5,7,500,1694.97,2141.47,44.9188,1600.64
206,1173.13,718.905,1.5,7,500,1694.97,2141.47,44.9188,1515.88
207,1173.63,719.405,1.5,7,500,1694.97,2141.47,44.9188,1515.24
208,1174.13,719.905,1.5,7,500,1694.97,2141.47,44.9188,1514.6
209,1162.35,784.551,1.5,7,500,1694.97,2141.47,44.9188,1458.36
210,1162.85,785.051,1.5,7,500,1694.97,2141.47,44.9188,1457.71
211,1163.35,785.551,1.5,7,500,1694.97,2141.47,44.9188,1457.06
212,709.914,794.615,1.5,7,500,1694.97,2141.47,44.9188,1669.21
213,710.414,795.115,1.5,7,500,1694.97,2141.47,44.9188,1668.51
214,1359.74,730.373,1.5,7,500,1694.97,2141.47,44.9188,1451.02
215,1360.24,730.873,1.5,7,500,1694.97,2141.47,44.9188,1450.42
216,1360.74,731.373,1.5,7,500,1694.97,2141.47,44.9188,1449.82
217,1453.47,562.426,1.5,7,500,1694.97,2141.47,44.9188,1598
218,1275.43,885.824,1.5,7,500,1694.97,2141.47,44.9188,1324.6
219,1235.86,645.898,1.5,7,500,1694.97,2141.47,44.9188,1565.06
220,1236.36,646.398,1.5,7,500,1694.97,2141.47,44.9188,1564.44
221,1408.89,2336.88,1.5,7,500,1694.97,2141.47,44.9188,349.163
222,1103.3,2033.25,1.5,7,500,1694.97,2141.47,44.9188,603.051
223,832.338,1524.6,1.5,7,500,1694.97,2141.47,44.9188,1061.39
224,255.898,884.059,1.5,7,500,1694.97,2141.47,44.9188,1911.52
225,347.986,486.298,1.5,7,500,1694.97,2141.47,44.9188,2134.45
226,1757.44,1420.82,1.5,7,500,1694.97,2141.47,44.9188,724.654
227,37.5254,2262.67,1.5,7,500,1694.97,2141.47,44.9188,1662.44
228,314.74,103.209,1.5,7,500,1694.97,2141.47,44.9188,2462
229,1779.13,1254.84,1.5,7,500,1694.97,2141.47,44.9188,891.671
230,1201.56,1109.24,1.5,7,500,1694.97,2141.47,44.9188,1144.92
231,1886.71,2244.08,1.5,7,500,1694.97,2141.47,44.9188,221.756
232,1292.51,1355.89,1.5,7,500,1694.97,2141.47,44.9188,883.741
233,1490.9,2214.01,1.5,7,500,1694.97,2141.47,44.9188,220.892
234,2026.77,1829.21,1.5,7,500,1694.97,2141.47,44.9188,457.685
235,505.014,2050.9,1.5,7,500,1694.97,2141.47,44.9188,1194.19
236,29.8028,1285.26,1.5,7,500,1694.97,2141.47,44.9188,1872.91
237,1226.78,1610.58,1.5,7,500,1694.97,2141.47,44.9188,709.179
238,1913.34,1429.51,1.5,7,500,1694.97,2141.47,44.9188,745.964
239,1271.71,2141.37,1.5,7,500,1694.97,2141.47,44.9188,425.488
240,1441.98,489.652,1.5,7,500,1694.97,2141.47,44.9188,1671.65
241,1961.07,338.091,1.5,7,500,1694.97,2141.47,44.9188,1823.42
242,1490.11,666.295,1.5,7,500,1694.97,2141.47,44.9188,1489.97
243,1910.84,1586.02,1.5,7,500,1694.97,2141.47,44.9188,597.505
244,53.9248,387.135,1.5,7,500,1694.97,2141.47,44.9188,2402.63
245,322.842,1428.94,1.5,7,500,1694.97,2141.47,44.9188,1546.72
246,111.714,2102.69,1.5,7,500,1694.97,2141.47,44.9188,1584.33
247,38.3005,180.653,1.5,7,500,1694.97,2141.47,44.9188,2567.35
248,1940.4,1491.84,1.5,7,500,1694.97,2141.47,44.9188,695.802
249,1445.33,1783.64,1.5,7,500,1694.97,2141.47,44.9188,438.468
250,995.032,698.067,1.5,7,500,1694.97,2141.47,44.9188,1604.75
251,134.201,443.707,1.5,7,500,1694.97,2141.47,44.9188,2306.58
252,1195.89,396.845,1.5,7,500,1694.97,2141.47,44.9188,1815.13
253,379.364,1876.71,1.5,7,500,1694.97,2141.47,44.9188,1342.69
254,449.482,1885.29,1.5,7,500,1694.97,2141.47,44.9188,1272.31
255,1022.43,1658.03,1.5,7,500,1694.97,2141.47,44.9188,829.408
256,1946.45,1565.13,1.5,7,500,1694.97,2141.47,44.9188,630.311
257,1789.4,1169.83,1.5,7,500,1694.97,2141.47,44.9188,977.185
258,892.548,603.478,1.5,7,500,1694.97,2141.47,44.9188,1735.28
259,788.268,415.184,1.5,7,500,1694.97,2141.47,44.9188,1950.4
260,1068.96,134.244,1.5,7,500,1694.97,2141.47,44.9188,2103.03
261,1399,2084.97,1.5,7,500,1694.97,2141.47,44.9188,304.428
262,27.8747,1205.77,1.5,7,500,1694.97,2141.47,44.9188,1912.24
263,1614.17,1991.95,1.5,7,500,1694.97,2141.47,44.9188,175.412
264,763.929,1954,1.5,7,500,1694.97,2141.47,44.9188,950.725
265,1745.04,485.29,1.5,7,500,1694.97,2141.47,44.9188,1657.51
266,210.299,1386.49,1.5,7,500,1694.97,2141.47,44.9188,1666.18
267,623.618,109.322,1.5,7,500,1694.97,2141.47,44.9188,2297.68
268,1570.12,689.468,1.5,7,500,1694.97,2141.47,44.9188,1458.01
269,315.933,1198.06,1.5,7,500,1694.97,2141.47,44.9188,1671.43
270,934.334,109.55,1.5,7,500,1694.97,2141.47,44.9188,2170.06
271,327.712,1023.94,1.5,7,500,1694.97,2141.47,44.9188,1766.4
272,553.142,277.587,1.5,7,500,1694.97,2141.47,44.9188,2186.26
273,1933.37,939.03,1.5,7,500,1694.97,2141.47,44.9188,1226.61
274,1683.05,846.145,1.5,7,500,1694.97,2141.47,44.9188,1296.11
275,985.818,65.2053,1.5,7,500,1694.97,2141.47,44.9188,2194.46
276,1370.54,589.672,1.5,7,500,1694.97,2141.47,44.9188,1585.95
277,1487.04,2407.86,1.5,7,500,1694.97,2141.47,44.9188,340.71
278,162.546,165.432,1.5,7,500,1694.97,2141.47,44.9188,2500.99
279,266.758,588.864,1.5,7,500,1694.97,2141.47,44.9188,2110.04
280,648.388,1417.92,1.5,7,500,1694.97,2141.47,44.9188,1273.09
281,683.22,1574.57,1.5,7,500,1694.97,2141.47,44.9188,1160.56
282,386.724,490.822,1.5,7,500,1694.97,2141.47,44.9188,2106.67
283,1060.63,571.855,1.5,7,500,1694.97,2141.47,44.9188,1693.51
284,893.695,153.011,1.5,7,500,1694.97,2141.47,44.9188,2144.27
285,1497.1,1131.61,1.5,7,500,1694.97,2141.47,44.9188,1029.98
286,1167.37,1804.68,1.5,7,500,1694.97,2141.47,44.9188,627.442
287,693.697,370.507,1.5,7,500,1694.97,2141.47,44.9188,2034.88
288,927.47,1773.21,1.5,7,500,1694.97,2141.47,44.9188,852.389
289,1401.83,570.603,1.5,7,500,1694.97,2141.47,44.9188,1598.58
290,1477.72,334.801,1.5,7,500,1694.97,2141.47,44.9188,1820.2
291,1519.64,488.01,1.5,7,500,1694.97,2141.47,44.9188,1663.3
292,2021.76,1128,1.5,7,500,1694.97,2141.47,44.9188,1065.74
293,774.689,1338.36,1.5,7,500,1694.97,2141.47,44.9188,1222.21
294,784.869,1359.54,1.5,7,500,1694.97,2141.47,44.9188,1200.67
295,1493.25,989.072,1.5,7,500,1694.97,2141.47,44.9188,1170.73
296,1933.07,323.735,1.5,7,500,1694.97,2141.47,44.9188,1833.78
297,55.6785,1705.28,1.5,7,500,1694.97,2141.47,44.9188,1696.89
298,1696.77,701.415,1.5,7,500,1694.97,2141.47,44.9188,1440.71
299,1813.37,1356.36,1.5,7,500,1694.97,2141.47,44.9188,795.172
300,1448.2,1677.65,1.5,7,500,1694.97,2141.47,44.9188,527.172
301,1939.26,2143.12,1.5,7,500,1694.97,2141.47,44.9188,248.12
302,317.104,477.181,1.5,7,500,1694.97,2141.47,44.9188,2161.08
303,481.14,1435.38,1.5,7,500,1694.97,2141.47,44.9188,1404.93
304,1027.76,1893.17,1.5,7,500,1694.97,2141.47,44.9188,713.244
305,582.101,1442.61,1.5,7,500,1694.97,2141.47,44.9188,1314.83
306,1262.24,2284.82,1.5,7,500,1694.97,2141.47,44.9188,457.928
307,1144.01,46.0698,1.5,7,500,1694.97,2141.47,44.9188,2167.06
308,603.021,1359.32,1.5,7,500,1694.97,2141.47,44.9188,1343.88
309,1874.33,1563.25,1.5,7,500,1694.97,2141.47,44.9188,606.959
310,26.3908,171.962,1.5,7,500,1694.97,2141.47,44.9188,2581.67
311,1682.71,1074.14,1.5,7,500,1694.97,2141.47,44.9188,1068.28
312,1657.14,1341.17,1.5,7,500,1694.97,2141.47,44.9188,802.372
313,115.463,1374.46,1.5,7,500,1694.97,2141.47,44.9188,1756.43
314,1430.79,1280.16,1.5,7,500,1694.97,2141.47,44.9188,901.966
315,1298.66,639.269,1.5,7,500,1694.97,2141.47,44.9188,1554.21
316,1003.78,1704.96,1.5,7,500,1694.97,2141.47,44.9188,818.643
317,1217.09,128.561,1.5,7,500,1694.97,2141.47,44.9188,2069.32
318,402.678,125.252,1.5,7,500,1694.97,2141.47,44.9188,2395.22
319,672.226,610.104,1.5,7,500,1694.97,2141.47,44.9188,1842.01
320,1212.48,718.102,1.5,7,500,1694.97,2141.47,44.9188,1503.55
321,1497.25,611.072,1.5,7,500,1694.97,2141.47,44.9188,1543.73
322,1131.85,1917.93,1.5,7,500,1694.97,2141.47,44.9188,607.427
323,1341.35,2412.18,1.5,7,500,1694.97,2141.47,44.9188,447.456
324,65.0741,1091.87,1.5,7,500,1694.97,2141.47,44.9188,1939.11
325,117.891,1336.87,1.5,7,500,1694.97,2141.47,44.9188,1771.01
326,1122.97,50.6786,1.5,7,500,1694.97,2141.47,44.9188,2168.06
327,1080.75,2350.96,1.5,7,500,1694.97,2141.47,44.9188,650.417
328,171.27,2045.98,1.5,7,500,1694.97,2141.47,44.9188,1527.31
329,1734.65,1182.02,1.5,7,500,1694.97,2141.47,44.9188,961.249
330,908.778,627.141,1.5,7,500,1694.97,2141.47,44.9188,1706.81
331,1929.06,724.853,1.5,7,500,1694.97,2141.47,44.9188,1436.48
332,591.766,586.174,1.5,7,500,1694.97,2141.47,44.9188,1907.33
333,116.016,1634.24,1.5,7,500,1694.97,2141.47,44.9188,1659
334,1776.23,1809.03,1.5,7,500,1694.97,2141.47,44.9188,344.974
335,1551.86,1905.75,1.5,7,500,1694.97,2141.47,44.9188,279.161
336,1429.08,20.6709,1.5,7,500,1694.97,2141.47,44.9188,2137.84
337,439.692,679.338,1.5,7,500,1694.97,2141.47,44.9188,1927.55
338,478.777,1654.96,1.5,7,500,1694.97,2141.47,44.9188,1310.61
339,1133.25,1849.11,1.5,7,500,1694.97,2141.47,44.9188,634.741
340,1466.02,56.6418,1.5,7,500,1694.97,2141.47,44.9188,2097.81
341,1283.07,1166.88,1.5,7,500,1694.97,2141.47,44.9188,1058.96
342,107.416,1352.6,1.5,7,500,1694.97,2141.47,44.9188,1773.29
343,1050.7,858.604,1.5,7,500,1694.97,2141.47,44.9188,1436.22
344,1710.81,536.832,1.5,7,500,1694.97,2141.47,44.9188,1605.3
345,2023.8,825.839,1.5,7,500,1694.97,2141.47,44.9188,1356.8
346,1638.1,2225.44,1.5,7,500,1694.97,2141.47,44.9188,110.323
347,1146.45,824.381,1.5,7,500,1694.97,2141.47,44.9188,1427.41
348,853.218,1524.19,1.5,7,500,1694.97,2141.47,44.9188,1044.74
349,1483.2,1675,1.5,7,500,1694.97,2141.47,44.9188,514.134
350,171.546,1392.19,1.5,7,500,1694.97,2141.47,44.9188,1698.28
351,1539.72,1687.69,1.5,7,500,1694.97,2141.47,44.9188,481.563
352,1668.86,1688.08,1.5,7,500,1694.97,2141.47,44.9188,456.215
353,760.542,428.222,1.5,7,500,1694.97,2141.47,44.9188,1951.99
354,1614.85,2296.96,1.5,7,500,1694.97,2141.47,44.9188,180.23
355,697.136,1256.47,1.5,7,500,1694.97,2141.47,44.9188,1334.47
356,1056.09,1514.91,1.5,7,500,1694.97,2141.47,44.9188,895.898
357,1364.4,2061.38,1.5,7,500,1694.97,2141.47,44.9188,342.902
358,1546.27,1038.32,1.5,7,500,1694.97,2141.47,44.9188,1113.98
359,1109.25,1139.44,1.5,7,500,1694.97,2141.47,44.9188,1161.47
360,2025.6,1338.28,1.5,7,500,1694.97,2141.47,44.9188,869.665
361,1181.01,1441.08,1.5,7,500,1694.97,2141.47,44.9188,869.829
362,894.261,1150.43,1.5,7,500,1694.97,2141.47,44.9188,1274.83
363,649.166,1265.64,1.5,7,500,1694.97,2141.47,44.9188,1364.8
364,1734.64,18.1627,1.5,7,500,1694.97,2141.47,44.9188,2124.12
365,178.579,1297.67,1.5,7,500,1694.97,2141.47,44.9188,1735.9
366,1000.66,357.973,1.5,7,500,1694.97,2141.47,44.9188,1914.37
367,1964.38,1980.93,1.5,7,500,1694.97,2141.47,44.9188,316.602
368,1985.42,2340.95,1.5,7,500,1694.97,2141.47,44.9188,355.018
369,1460.2,1861.59,1.5,7,500,1694.97,2141.47,44.9188,367.885
370,1528.61,252.984,1.5,7,500,1694.97,2141.47,44.9188,1896.3
371,1581.4,1899.94,1.5,7,500,1694.97,2141.47,44.9188,270.407
372,900.925,1708.01,1.5,7,500,1694.97,2141.47,44.9188,905.699
373,1141.75,1781.67,1.5,7,500,1694.97,2141.47,44.9188,661.365
374,1163.59,302.601,1.5,7,500,1694.97,2141.47,44.9188,1914.6
375,921.563,24.5375,1.5,7,500,1694.97,2141.47,44.9188,2254.21
376,1826.18,828.275,1.5,7,500,1694.97,2141.47,44.9188,1320.45
377,265.48,1666.29,1.5,7,500,1694.97,2141.47,44.9188,1507.03
378,34.0137,1011.8,1.5,7,500,1694.97,2141.47,44.9188,2009.19
379,1570.15,995.962,1.5,7,500,1694.97,2141.47,44.9188,1153.11
380,1433.01,1249.27,1.5,7,500,1694.97,2141.47,44.9188,930.877
381,1001.94,1911.67,1.5,7,500,1694.97,2141.47,44.9188,731.435
382,973.01,1635.1,1.5,7,500,1694.97,2141.47,44.9188,882.912
383,430.988,443.996,1.5,7,500,1694.97,2141.47,44.9188,2116.83
384,1851.56,180.1,1.5,7,500,1694.97,2141.47,44.9188,1968.09
385,228.375,1779.86,1.5,7,500,1694.97,2141.47,44.9188,1511.15
386,1660.8,1102.16,1.5,7,500,1694.97,2141.47,44.9188,1040.78
387,1608.78,1362.98,1.5,7,500,1694.97,2141.47,44.9188,784.45
388,2046.35,548.649,1.5,7,500,1694.97,2141.47,44.9188,1631.7
389,1746.53,109.672,1.5,7,500,1694.97,2141.47,44.9188,2032.92
390,1.65382,1058.84,1.5,7,500,1694.97,2141.47,44.9188,2010.3
391,1905.25,415.979,1.5,7,500,1694.97,2141.47,44.9188,1738.8
392,1742.71,2069.14,1.5,7,500,1694.97,2141.47,44.9188,96.9288
393,1777.19,818.167,1.5,7,500,1694.97,2141.47,44.9188,1326.57
394,712.562,721.185,1.5,7,500,1694.97,2141.47,44.9188,1727.49
395,103.648,916.108,1.5,7,500,1694.97,2141.47,44.9188,2008.91
396,689.309,1351.73,1.5,7,500,1694.97,2141.47,44.9188,1279.43
397,948.851,1911.39,1.5,7,500,1694.97,2141.47,44.9188,782.001
398,979.603,794.049,1.5,7,500,1694.97,2141.47,44.9188,1526.17
399,940.528,760.971,1.5,7,500,1694.97,2141.47,44.9188,1573.8
400,1651.66,61.3581,1.5,7,500,1694.97,2141.47,44.9188,2081.02
401,39.5343,25.5141,1.5,7,500,1694.97,2141.47,44.9188,2686.94
402,455.56,1806.49,1.5,7,500,1694.97,2141.47,44.9188,1284.62
403,1016.02,434.462,1.5,7,500,1694.97,2141.47,44.9188,1837.59
404,466.122,620.391,1.5,7,500,1694.97,2141.47,44.9188,1955.93
405,598.624,243.534,1.5,7,500,1694.97,2141.47,44.9188,2192.27
406,1375.09,1771.22,1.5,7,500,1694.97,2141.47,44.9188,491.215
407,211.543,1229.88,1.5,7,500,1694.97,2141.47,44.9188,1741.68
408,1614.49,1694.51,1.5,7,500,1694.97,2141.47,44.9188,456.216
409,1819.21,2364.99,1.5,7,500,1694.97,2141.47,44.9188,259.383
410,1501.2,1792.72,1.5,7,500,1694.97,2141.47,44.9188,401.32
411,1720.89,1929.2,1.5,7,500,1694.97,2141.47,44.9188,218.21
412,1084.58,721.74,1.5,7,500,1694.97,2141.47,44.9188,1546
413,1442.36,2072.45,1.5,7,500,1694.97,2141.47,44.9188,265.449
414,822.098,1445.29,1.5,7,500,1694.97,2141.47,44.9188,1117.35
415,348.744,12.1743,1.5,7,500,1694.97,2141.47,44.9188,2519.55
416,1917,1872.83,1.5,7,500,1694.97,2141.47,44.9188,351.216
417,256.221,1445.07,1.5,7,500,1694.97,2141.47,44.9188,1599.02
418,376.537,1937.17,1.5,7,500,1694.97,2141.47,44.9188,1334.88
419,572.573,283.066,1.5,7,500,1694.97,2141.47,44.9188,2171.48
420,1863.61,2357.42,1.5,7,500,1694.97,2141.47,44.9188,277.414
421,1638.6,2164.69,1.5,7,500,1694.97,2141.47,44.9188,74.8544
422,234.309,824.589,1.5,7,500,1694.97,2141.47,44.9188,1967.13
423,1673.4,1113.81,1.5,7,500,1694.97,2141.47,44.9188,1028.8
424,136.572,1049.88,1.5,7,500,1694.97,2141.47,44.9188,1903.18
425,1260.25,917.025,1.5,7,500,1694.97,2141.47,44.9188,1300.05
426,75.3261,564.674,1.5,7,500,1694.97,2141.47,44.9188,2260.85
427,243.358,2369.37,1.5,7,500,1694.97,2141.47,44.9188,1470.04
428,460.644,1038.05,1.5,7,500,1694.97,2141.47,44.9188,1656.2
429,221.674,1486.23,1.5,7,500,1694.97,2141.47,44.9188,1613.02
430,43.7465,100.999,1.5,7,500,1694.97,2141.47,44.9188,2625.26
431,427.16,2307.02,1.5,7,500,1694.97,2141.47,44.9188,1279.31
432,1453.69,1969.78,1.5,7,500,1694.97,2141.47,44.9188,299.304
433,600.319,1966.91,1.5,7,500,1694.97,2141.47,44.9188,1109.34
434,218.196,519.966,1.5,7,500,1694.97,2141.47,44.9188,2193.64
435,1061.66,1540.47,1.5,7,500,1694.97,2141.47,44.9188,874.176
436,1914.21,2380.01,1.5,7,500,1694.97,2141.47,44.9188,326.877
437,2034.51,2375.1,1.5,7,500,1694.97,2141.47,44.9188,414.432
438,396.187,1430.56,1.5,7,500,1694.97,2141.47,44.9188,1481.26
439,879.057,1440.11,1.5,7,500,1694.97,2141.47,44.9188,1076.81
440,808.828,1352.75,1.5,7,500,1694.97,2141.47,44.9188,1187.1
441,1440.28,2100.23,1.5,7,500,1694.97,2141.47,44.9188,261.641
442,260.519,1862.59,1.5,7,500,1694.97,2141.47,44.9188,1461.96
443,410.876,421.9,1.5,7,500,1694.97,2141.47,44.9188,2146.56
444,919.061,1551.8,1.5,7,500,1694.97,2141.47,44.9188,975.518
445,1306.4,15.8215,1.5,7,500,1694.97,2141.47,44.9188,2161.31
446,940.11,1204.38,1.5,7,500,1694.97,2141.47,44.9188,1204.1
447,1028.62,1522,1.5,7,500,1694.97,2141.47,44.9188,910.855
448,1936.84,2057.85,1.5,7,500,1694.97,2141.47,44.9188,259.569
449,1779.26,2049.09,1.5,7,500,1694.97,2141.47,44.9188,132.38
450,439.44,1015.63,1.5,7,500,1694.97,2141.47,44.9188,1686.94
451,1616.56,1608.51,1.5,7,500,1694.97,2141.47,44.9188,540.442
452,137.154,1323.57,1.5,7,500,1694.97,2141.47,44.9188,1760.01
453,1991.73,2316.68,1.5,7,500,1694.97,2141.47,44.9188,347.342
454,308.354,1031,1.5,7,500,1694.97,2141.47,44.9188,1777
455,220.77,2286.76,1.5,7,500,1694.97,2141.47,44.9188,1481.98
456,1211.77,1841.23,1.5,7,500,1694.97,2141.47,44.9188,570.544
457,755.605,2042.5,1.5,7,500,1694.97,2141.47,44.9188,945.566
458,155.007,591.503,1.5,7,500,1694.97,2141.47,44.9188,2185.36
459,1655.87,999.063,1.5,7,500,1694.97,2141.47,44.9188,1143.9
460,193.083,413.622,1.5,7,500,1694.97,2141.47,44.9188,2289.77
461,843.355,1768.14,1.5,7,500,1694.97,2141.47,44.9188,930.868
462,932.805,2102.08,1.5,7,500,1694.97,2141.47,44.9188,764.421
463,347.209,1390.17,1.5,7,500,1694.97,2141.47,44.9188,1543.63
464,896.154,585.053,1.5,7,500,1694.97,2141.47,44.9188,1749.98
465,1369.03,1883.6,1.5,7,500,1694.97,2141.47,44.9188,417.876
466,1376.67,553.327,1.5,7,500,1694.97,2141.47,44.9188,1620.31
467,1748.83,1852.6,1.5,7,500,1694.97,2141.47,44.9188,297.036
468,1028.84,2294.72,1.5,7,500,1694.97,2141.47,44.9188,684.91
469,446.197,1161.41,1.5,7,500,1694.97,2141.47,44.9188,1588.03
470,988.777,636.435,1.5,7,500,1694.97,2141.47,44.9188,1663.05
471,1829.24,1841.91,1.5,7,500,1694.97,2141.47,44.9188,331.13
472,204.333,139.901,1.5,7,500,1694.97,2141.47,44.9188,2496.03
473,1161.33,889.423,1.5,7,500,1694.97,2141.47,44.9188,1361.72
474,610.629,1330.68,1.5,7,500,1694.97,2141.47,44.9188,1354.65
475,1486.43,221.996,1.5,7,500,1694.97,2141.47,44.9188,1931.26
476,750.015,275.602,1.5,7,500,1694.97,2141.47,44.9188,2091.96
477,1350.53,489.627,1.5,7,500,1694.97,2141.47,44.9188,1687.93
478,429.415,38.878,1.5,7,500,1694.97,2141.47,44.9188,2454.47
479,109.946,2108.7,1.5,7,500,1694.97,2141.47,44.9188,1585.96
480,1178.87,2042.64,1.5,7,500,1694.97,2141.47,44.9188,527.269
481,1228.09,1551.51,1.5,7,500,1694.97,2141.47,44.9188,753.606
482,430.767,298.208,1.5,7,500,1694.97,2141.47,44.9188,2235.56
483,1885.54,1199.09,1.5,7,500,1694.97,2141.47,44.9188,962.435
484,967.116,552.937,1.5,7,500,1694.97,2141.47,44.9188,1747.89
485,315.065,463.608,1.5,7,500,1694.97,2141.47,44.9188,2172.85
486,1376.69,1571.43,1.5,7,500,1694.97,2141.47,44.9188,654.324
487,833.02,1704.62,1.5,7,500,1694.97,2141.47,44.9188,967.313
488,620.926,979.512,1.5,7,500,1694.97,2141.47,44.9188,1582.91
489,1670.62,1759.19,1.5,7,500,1694.97,2141.47,44.9188,385.51
490,610.245,2099.3,1.5,7,500,1694.97,2141.47,44.9188,1086.42
491,477.572,796.132,1.5,7,500,1694.97,2141.47,44.9188,1814.91
492,1081.41,881.639,1.5,7,500,1694.97,2141.47,44.9188,1401.97
493,246.266,2305.51,1.5,7,500,1694.97,2141.47,44.9188,1458.61
494,808.897,1460.23,1.5,7,500,1694.97,2141.47,44.9188,1118.53
495,1259.33,1429.96,1.5,7,500,1694.97,2141.47,44.9188,835.416
496,1394.71,873.669,1.5,7,500,1694.97,2141.47,44.9188,1303.6
497,1405.89,1171.42,1.5,7,500,1694.97,2141.47,44.9188,1013.15
498,59.2787,2057,1.5,7,500,1694.97,2141.47,44.9188,1638.45
499,485.052,438.39,1.5,7,500,1694.97,2141.47,44.9188,2089.57
