563,0,-100.426,171.99
563,1,-132.432,1408.66
563,2,-113.041,520.315
563,3,-115.844,627.609
563,4,-132.182,1558.77
563,5,-124.75,1035.09
563,6,-132.978,1619.61
563,7,-135.019,1088.95
563,8,-130.693,1379.41
563,9,-131.511,1182.42
563,10,-127.25,1387.2
563,11,-139.571,1323.74
563,12,-134.262,1414.02
563,13,-135.183,1554.18
563,14,-128.145,1428.67
563,15,-134.735,1789.2
563,16,-132.454,1558
563,17,-133.919,1869.14
563,18,-123.931,526.779
563,19,-112.485,471.71
563,20,-125.457,1173.42
563,21,-134.526,1117.9
563,22,-133.107,983.866
563,23,-121.74,969.809
563,24,-124.671,979.707
563,25,-128.011,1413.09
563,26,-124.274,1181.41
563,27,-136.105,1441.65
563,28,-129.95,1273.32
563,29,-136.04,1352.31
563,30,-127.472,729.972
563,31,-133.122,1175.64
563,32,-124.567,906.578
563,33,-121.499,984.417
563,34,-125.246,1251.08
563,35,-126.914,1160.61
563,36,-138.002,1034.3
563,37,-121.453,1116.39
563,38,-145.261,1460.54
563,39,-137.518,1120.86
563,40,-106.014,478.879
563,41,-141.693,1513.93
563,42,-137.396,1236.22
563,43,-130.373,1190.69
563,44,-140.177,1452.29
563,45,-132.59,1955.24
563,46,-134.327,1488.61
563,47,-124.088,1067.11
563,48,-127.201,1066.52
563,49,-128.024,1065.94
563,50,-124.165,1065.35
563,51,-130.852,997.23
563,52,-128.181,1124.63
563,53,-126.67,1123.99
563,54,-113.137,658.537
563,55,-122.361,596.092
563,56,-137.073,595.443
563,57,-106.527,410.338
563,58,-114.439,489.555
563,59,-112.908,488.849
563,60,-115.187,537.592
563,61,-109.404,536.887
563,62,-108.383,615.095
563,63,-118.872,614.738
563,64,-119.821,601.132
563,65,-109.036,600.75
563,66,-110.572,585.162
563,67,-116.652,584.773
563,68,-112.179,535.697
563,69,-120.573,535.043
563,70,-115.043,563.113
563,71,-113.479,562.44
563,72,-61.2646,36.2547
563,73,-61.7746,36.9311
563,74,-89.2894,182.822
563,75,-99.2777,233.512
563,76,-131.487,750.133
563,77,-119.6,749.804
563,78,-125.751,860.572
563,79,-118.841,737.004
563,80,-119.794,736.573
563,81,-125.882,736.142
563,82,-116.797,684.894
563,83,-119.901,684.239
563,84,-120.968,1103.41
563,85,-139.777,1102.71
563,86,-129.285,1102.01
563,87,-138.4,1101.32
563,88,-133.534,1349.98
563,89,-142.655,1349.29
563,90,-122.524,878.154
563,91,-118.306,877.456
563,92,-115.933,849.233
563,93,-127.043,848.526
563,94,-116.236,607.477
563,95,-115.87,606.889
563,96,-115.059,616.437
563,97,-114.293,615.912
563,98,-124.528,1101.93
563,99,-126.777,1101.56
563,100,-130.662,1101.18
563,101,-122.189,1100.81
563,102,-125.956,1164.92
563,103,-132.965,1164.52
563,104,-133.693,1540.35
563,105,-134.469,1539.78
563,106,-143.625,1539.21
563,107,-131.124,1538.65
563,108,-133.974,1538.08
563,109,-143.249,1507.73
563,110,-134.986,1507.15
563,111,-133.923,1447.07
563,112,-130.176,1446.51
563,113,-139.05,1515.02
563,114,-130.625,1514.49
563,115,-130.741,1513.97
563,116,-135.196,1513.44
563,117,-130.786,1346.42
563,118,-128.222,1345.96
563,119,-140.863,1345.5
563,120,-130.139,1345.04
563,121,-137.091,1257.27
563,122,-137.638,1256.81
563,123,-128.54,1122.46
563,124,-127.03,1121.99
563,125,-131.38,1121.53
563,126,-139.303,1121.07
563,127,-120.907,994.156
563,128,-140.644,993.661
563,129,-124.81,993.166
563,130,-121.362,915.733
563,131,-132.234,915.186
563,132,-123.286,914.639
563,133,-127.166,885.052
563,134,-142.964,884.484
563,135,-125.198,877.96
563,136,-126.496,877.338
563,137,-123.575,876.717
563,138,-124.567,876.096
563,139,-119.489,732.73
563,140,-129.016,882.556
563,141,-135.086,881.874
563,142,-123.994,934.325
563,143,-119.431,933.673
563,144,-118.457,903.078
563,145,-124.41,902.446
563,146,-124.555,901.813
563,147,-121.01,1044.73
563,148,-126.381,1044.06
563,149,-125.702,1043.39
563,150,-132.949,1042.72
563,151,-126.282,1104.86
563,152,-127.088,1104.19
563,153,-140.235,1103.51
563,154,-126.406,1160.23
563,155,-126.361,1159.56
563,156,-129.093,1354.44
563,157,-141.807,1353.77
563,158,-126.82,1436.73
563,159,-128.733,1436.06
563,160,-131.796,1417.97
563,161,-129.163,1417.32
563,162,-133.236,1387.28
563,163,-130.336,1386.64
563,164,-131.23,1370.72
563,165,-131.842,1370.09
563,166,-137.388,1369.47
563,167,-136.267,1368.84
563,168,-133.81,1046.2
563,169,-125.719,1045.49
563,170,-129.768,1082.73
563,171,-128.069,1082.04
563,172,-129.327,1215.36
563,173,-129.068,1214.67
563,174,-127.02,1141.61
563,175,-132.546,1140.9
563,176,-137.911,1330.96
563,177,-134.774,1330.27
563,178,-135.04,1470.77
563,179,-132.504,1470.07
563,180,-135.518,1445.29
563,181,-139.865,1444.58
563,182,-129.597,1309.36
563,183,-127.64,1308.66
563,184,-131.805,1206.09
563,185,-129.506,1205.39
563,186,-128.455,1263.32
563,187,-132.562,1262.62
563,188,-132.871,1713.67
563,189,-132.754,1712.98
563,190,-136.318,1807.99
563,191,-139.149,1807.39
563,192,-136.702,1806.78
563,193,-139.505,1693.5
563,194,-136.166,1692.89
563,195,-137.454,1734.45
563,196,-138.822,1733.81
563,197,-134.611,1733.17
563,198,-142.801,1746.85
563,199,-130.046,1746.17
563,200,-129.493,1745.5
563,201,-133.263,1646.89
563,202,-136.012,1646.23
563,203,-134.77,1601.36
563,204,-129.524,1600.7
563,205,-134.048,1600.05
563,206,-138.756,1515.26
563,207,-145.469,1514.62
563,208,-131.368,1513.98
563,209,-135.296,1457.71
563,210,-134.184,1457.06
563,211,-136.648,1456.41
563,212,-140.311,1668.64
563,213,-141.236,1667.94
563,214,-135.015,1450.37
563,215,-137.952,1449.77
563,216,-138.406,1449.17
563,217,-138.071,1597.41
563,218,-128.26,1323.89
563,219,-132.906,1564.46
563,220,-142.475,1563.83
563,221,-106.744,346.453
563,222,-102.601,382.24
563,223,-127.965,1380.6
563,224,-129.669,1386.35
563,225,-127.207,1389.16
563,226,-129.015,1407.81
563,227,-140.122,1422.34
563,228,-136.719,1425.04
563,229,-129.295,1383.49
563,230,-129.894,1337.88
563,231,-130.454,1382.7
563,232,-128.944,1382.7
563,233,-131,1382.7
563,234,-137.58,1382.7
563,235,-134.798,1435.61
563,236,-136.054,1435.61
563,237,-144.269,1417.8
563,238,-134.338,1417.8
563,239,-139.691,1592.31
563,240,-130.803,1464.87
563,241,-135.223,1551.18
563,242,-137.162,1679.81
563,243,-148.979,1703.21
563,244,-132.52,1650.81
563,245,-132.808,1655.44
563,246,-128.96,1653.07
563,247,-139.31,1673.2
563,248,-132.08,1713.87
563,249,-142.546,1572.6
563,250,-127.451,1555.04
563,251,-125.478,1620.11
563,252,-139.196,1560.44
563,253,-130.684,1274.71
563,254,-127.081,1272.73
563,255,-125.84,1282.11
563,256,-138.762,1256.64
563,257,-126.062,1274.54
563,258,-130.516,1281.02
563,259,-128.349,1281.02
563,260,-126.663,1281.02
563,261,-129.77,1281.02
563,262,-131.872,1281.02
563,263,-124.688,1281.02
563,264,-132.38,1261.3
563,265,-127.172,1213.31
563,266,-127.362,1208.59
563,267,-129.225,1188.41
563,268,-128.653,1221.7
563,269,-125.709,1126.55
563,270,-138.018,1164.89
563,271,-121.783,1125.91
563,272,-130.435,1176.59
563,273,-129.11,1117.2
563,274,-126.82,1117.2
563,275,-134.473,1117.2
563,276,-129.32,1117.2
563,277,-139.823,1117.2
563,278,-133.615,1067.96
563,279,-126.981,1067.96
563,280,-126.15,966.356
563,281,-130.068,1030
563,282,-122.7,1099.52
563,283,-127.261,1098.93
563,284,-126.901,1086.56
563,285,-128.174,1056.25
563,286,-133.809,1103.33
563,287,-130.57,1103.33
563,288,-131.745,1113.64
563,289,-126.052,1186.69
563,290,-132.355,1218.05
563,291,-134.677,1158.63
563,292,-134.605,1097.4
563,293,-131.812,1160.76
563,294,-129.994,1087.29
563,295,-133.09,1077.02
563,296,-130.799,1107.49
563,297,-141.613,1107.49
563,298,-130.586,1107.49
563,299,-132.233,1118.33
563,300,-128.884,1055.42
563,301,-126.721,1062.57
563,302,-122.286,1062.57
563,303,-120.637,1060.52
563,304,-129.731,1145.06
563,305,-123.898,1145.06
563,306,-124.031,1142.97
563,307,-124.708,1142.97
563,308,-132.73,1142.97
563,309,-123.873,1142.97
563,310,-124.273,1130.71
563,311,-123.038,1033.63
563,312,-126.07,1029.07
563,313,-121.508,1026.31
563,314,-125.832,1048.29
563,315,-120.876,1068.74
563,316,-122.2,1041.95
563,317,-121.744,961.033
563,318,-117.339,961.033
563,319,-121.896,968.409
563,320,-130.756,933.54
563,321,-124.364,961.033
563,322,-128.832,961.033
563,323,-127.771,924.077
563,324,-133.917,1010.39
563,325,-123.076,985.188
563,326,-125.673,985.188
563,327,-123.663,985.188
563,328,-128.701,985.188
563,329,-134.297,985.188
563,330,-127.297,985.188
563,331,-120.866,1010.31
563,332,-128.57,1052.67
563,333,-128.741,1042.88
563,334,-125.839,1011.01
563,335,-122.724,1120.89
563,336,-121.681,1052.46
563,337,-130.038,1130.42
563,338,-132.082,1132.74
563,339,-127.409,1011.96
563,340,-123.716,1024.48
563,341,-128.596,1108.6
563,342,-128.115,1154.17
563,343,-123.512,1153.54
563,344,-129.31,1117.7
563,345,-125.137,1213.09
563,346,-126.143,1213.09
563,347,-130.886,1230.49
563,348,-129.91,1231.09
563,349,-124.656,1231.09
563,350,-131.561,1231.09
563,351,-129.55,1255.49
563,352,-128.598,1255.49
563,353,-132.203,1562.97
563,354,-126.843,1472.54
563,355,-137.678,1525.51
563,356,-138.159,1426.97
563,357,-127.726,1426.97
563,358,-136.147,1332.74
563,359,-134.913,1382.05
563,360,-132.818,1399.13
563,361,-131.614,1429.64
563,362,-129.204,1400.31
563,363,-129.183,1398.4
563,364,-146.646,1470.3
563,365,-131.473,1473.8
563,366,-131.166,1434.25
563,367,-137.553,1454.44
563,368,-129.484,1399.13
563,369,-128.25,1383.93
563,370,-134.152,1383.93
563,371,-129.708,1352.83
563,372,-132.98,1352.83
563,373,-133.243,1290.93
563,374,-125.183,1290.93
563,375,-125.587,1290.93
563,376,-134.182,1353.15
563,377,-132.715,1268.16
563,378,-135.292,1382.7
563,379,-137.036,1268.38
563,380,-136.993,1381.67
563,381,-128.203,1338.06
563,382,-133.389,1397.75
563,383,-129.819,1145.75
563,384,-126.881,1145.75
563,385,-127.346,1121.76
563,386,-140.577,1282.07
563,387,-136.608,1400.4
563,388,-138.472,1561.64
563,389,-139.46,1565.59
563,390,-135.086,1496.4
563,391,-130.743,1458.92
563,392,-132.897,1597.28
563,393,-120.283,809.46
563,394,-124.071,809.46
563,395,-117.973,766.027
563,396,-114.268,744.019
563,397,-120.058,775.099
563,398,-118.551,714.747
563,399,-127.122,691.153
563,400,-122.543,780.408
563,401,-134.187,809.649
563,402,-122.786,809.649
563,403,-128.398,809.649
563,404,-112.54,659.298
563,405,-123.932,659.298
563,406,-115.903,649.415
563,407,-123.623,658.538
563,408,-117.893,640.05
563,409,-116.23,812.256
563,410,-118.96,812.256
563,411,-114.696,739.42
563,412,-139.587,777.577
563,413,-112.974,726.155
563,414,-117.188,686.4
563,415,-118.431,854.92
563,416,-128.548,930.943
563,417,-114.629,601.994
563,418,-113.771,595.564
563,419,-108.388,457.726
563,420,-118.285,505.565
563,421,-111.91,424.988
563,422,-118.941,878.216
563,423,-119.371,923.828
563,424,-125.925,950.582
563,425,-120.048,917.34
563,426,-120.169,791.556
563,427,-118.297,791.556
563,428,-124.751,741.425
563,429,-124.067,741.425
563,430,-113.095,683.3
563,431,-110.596,570.716
563,432,-116.038,570.716
563,433,-109.705,524.716
563,434,-118.021,522.108
563,435,-113.178,533.819
563,436,-120.826,574.59
563,437,-120.695,622.944
563,438,-120.902,654.395
563,439,-117.35,800.341
563,440,-113.133,530.97
563,441,-120,513.924
563,442,-122.136,565.481
563,443,-113.739,667.668
563,444,-121.345,467.181
563,445,-139.434,1105.48
563,446,-127.935,1090.96
563,447,-129.949,1038.78
563,448,-125.807,1035.17
563,449,-128.037,1038.9
563,450,-129.82,996.94
563,451,-124.061,1046.66
563,452,-132.825,1278.02
563,453,-125.828,1303.15
563,454,-138.578,1540.81
563,455,-136.875,1590.93
563,456,-141.143,1573.16
563,457,-132.65,1573.16
563,458,-149.638,1573.16
563,459,-156.453,1652.13
563,460,-130.868,1685.36
563,461,-132.045,1674.66
563,462,-146.087,1651.94
563,463,-143.373,1644.11
563,464,-130.236,1635.89
563,465,-131.704,1699.87
563,466,-130.452,1694.59
563,467,-132.777,1670.58
563,468,-132.826,1670.58
563,469,-125.921,854.538
563,470,-128.662,862.788
563,471,-124.957,1012.97
563,472,-127.468,1054.79
563,473,-125.751,1075.12
563,474,-124.214,1058.35
563,475,-126.31,997.072
563,476,-130.276,972.805
563,477,-128.358,972.805
563,478,-125.823,1076.61
563,479,-143.822,1111.63
563,480,-123.642,1090.49
563,481,-121.555,1090.49
563,482,-127.587,1300.59
563,483,-128.718,1264.08
563,484,-119.078,899.513
563,485,-128.702,1060.35
563,486,-119.114,1020.08
563,487,-118.854,943.828
563,488,-138.87,965.794
563,489,-131.947,965.794
563,490,-121.632,964.309
563,491,-126.207,943.828
563,492,-133.633,980.398
563,493,-131.459,965.794
563,494,-128.017,980.398
563,495,-138.123,1224.49
563,496,-124.821,847.596
563,497,-136.066,846.956
563,498,-120.007,771.574
563,499,-129.755,1468.09
563,500,-146.118,1568.24
563,501,-128.742,1702.41
563,502,-136.338,1710.2
563,503,-140.777,1751.74
563,504,-142.441,1757.72
563,505,-143.026,1752.24
563,506,-137.698,1787.57
563,507,-136.174,1849.05
563,508,-134.657,1667.39
563,509,-135.489,1579.63
563,510,-135.354,1873.75
563,511,-114.234,589.786
563,512,-117.173,587.512
563,513,-120.409,589.294
563,514,-108.925,591.508
563,515,-106.5,363.075
563,516,-111.213,436.836
563,517,-113.657,459.119
563,518,-109.545,483.626
563,519,-107.863,492.29
563,520,-108.115,500.546
563,521,-112.814,591.403
563,522,-103.888,145.804
563,523,-109.777,163.96
563,524,-94.3127,178.366
563,525,-101.04,299.161
563,526,-134.407,1577.95
563,527,-123.443,779.166
563,528,-126.845,814.565
563,529,-119.592,814.311
563,530,-125.477,820.605
563,531,-118.665,822.321
563,532,-117.203,787.497
563,533,-117.826,823.959
563,534,-114.966,833.793
563,535,-118.483,954.454
563,536,-122.39,960.757
563,537,-106.802,282.726
563,538,-104.767,231.376
563,539,-107.254,345.131
563,540,-103.657,298.555
563,541,-72.4066,47.6532
563,542,-89.7206,163.351
563,543,-103.537,367.81
563,544,-117.89,874.904
563,545,-124.113,1224.66
563,546,-137.667,2227.52
563,547,-130.489,1315.59
563,548,-105.066,342.336
563,549,-131.689,1561.02
563,550,-112.174,662.682
563,551,-134.796,1616.06
563,552,-136.73,1852.59
563,553,-116.697,395.057
563,554,-120.611,682.281
563,555,-126.055,1080.18
563,556,-129.199,1112.26
563,557,-130.471,1712.42
563,558,-135.2,789.421
563,559,-117.773,884.252
563,560,-118.298,474.357
563,561,-127.347,1550.15
563,562,-121.182,832.099
563,0,-93.624,171.99
563,1,-128.773,1408.66
563,2,-116.157,520.315
563,3,-121.523,627.609
563,4,-134.048,1558.77
563,5,-126.043,1035.09
563,6,-138,1619.61
563,7,-122.288,1088.95
563,8,-135.185,1379.41
563,9,-128.367,1182.42
563,10,-130.853,1387.2
563,11,-137.751,1323.74
563,12,-135.125,1414.02
563,13,-135.575,1554.18
563,14,-136.088,1428.67
563,15,-135.802,1789.2
563,16,-133.975,1558
563,17,-141.083,1869.14
563,18,-121.204,526.779
563,19,-103.688,471.71
563,20,-130.871,1173.42
563,21,-123.632,1117.9
563,22,-122.601,983.866
563,23,-138.193,969.809
563,24,-129.541,979.707
563,25,-130.924,1413.09
563,26,-124.62,1181.41
563,27,-138.302,1441.65
563,28,-135.244,1273.32
563,29,-134.496,1352.31
563,30,-123.121,729.972
563,31,-127.141,1175.64
563,32,-123.056,906.578
563,33,-126.174,984.417
563,34,-126.603,1251.08
563,35,-144.385,1160.61
563,36,-126.219,1034.3
563,37,-125.819,1116.39
563,38,-126.621,1460.54
563,39,-125.024,1120.86
563,40,-114.478,478.879
563,41,-137.15,1513.93
563,42,-127.899,1236.22
563,43,-124.16,1190.69
563,44,-133.135,1452.29
563,45,-146.183,1955.24
563,46,-149.149,1488.61
563,47,-125.325,1067.11
563,48,-123.353,1066.52
563,49,-124.493,1065.94
563,50,-129.095,1065.35
563,51,-121.763,997.23
563,52,-120.242,1124.63
563,53,-129.494,1123.99
563,54,-119.247,658.537
563,55,-120.96,596.092
563,56,-110.354,595.443
563,57,-106.279,410.338
563,58,-115.142,489.555
563,59,-121.379,488.849
563,60,-117.96,537.592
563,61,-121.019,536.887
563,62,-116.801,615.095
563,63,-113.946,614.738
563,64,-111.247,601.132
563,65,-115.326,600.75
563,66,-123.155,585.162
563,67,-117.669,584.773
563,68,-111.841,535.697
563,69,-115.61,535.043
563,70,-120.69,563.113
563,71,-113.259,562.44
563,72,-60.6885,36.2547
563,73,-65.5571,36.9311
563,74,-87.4988,182.822
563,75,-93.5144,233.512
563,76,-118.561,750.133
563,77,-120.635,749.804
563,78,-123.079,860.572
563,79,-121.334,737.004
563,80,-117.244,736.573
563,81,-130.439,736.142
563,82,-120.781,684.894
563,83,-116.25,684.239
563,84,-129.599,1103.41
563,85,-124.355,1102.71
563,86,-127.707,1102.01
563,87,-125.907,1101.32
563,88,-128.176,1349.98
563,89,-128.575,1349.29
563,90,-125.332,878.154
563,91,-118.899,877.456
563,92,-115.656,849.233
563,93,-120.712,848.526
563,94,-117.52,607.477
563,95,-117.68,606.889
563,96,-113.856,616.437
563,97,-118.691,615.912
563,98,-128.115,1101.93
563,99,-120.624,1101.56
563,100,-122.448,1101.18
563,101,-121.103,1100.81
563,102,-136.418,1164.92
563,103,-129.774,1164.52
563,104,-137.06,1540.35
563,105,-131.257,1539.78
563,106,-131.151,1539.21
563,107,-138.83,1538.65
563,108,-133.021,1538.08
563,109,-129.646,1507.73
563,110,-129.195,1507.15
563,111,-126.538,1447.07
563,112,-137.146,1446.51
563,113,-138.094,1515.02
563,114,-136.162,1514.49
563,115,-132.046,1513.97
563,116,-130.214,1513.44
563,117,-126.8,1346.42
563,118,-135.18,1345.96
563,119,-129.097,1345.5
563,120,-140.497,1345.04
563,121,-131.009,1257.27
563,122,-129.161,1256.81
563,123,-136.682,1122.46
563,124,-124.359,1121.99
563,125,-134.055,1121.53
563,126,-127.505,1121.07
563,127,-120.636,994.156
563,128,-120.179,993.661
563,129,-128.804,993.166
563,130,-122.433,915.733
563,131,-124.193,915.186
563,132,-118.473,914.639
563,133,-127.05,885.052
563,134,-126.863,884.484
563,135,-115.851,877.96
563,136,-130.546,877.338
563,137,-118.772,876.717
563,138,-129.673,876.096
563,139,-119.089,732.73
563,140,-124.578,882.556
563,141,-123.82,881.874
563,142,-119.52,934.325
563,143,-128.906,933.673
563,144,-123.385,903.078
563,145,-132.124,902.446
563,146,-134.542,901.813
563,147,-123.684,1044.73
563,148,-122.486,1044.06
563,149,-119.715,1043.39
563,150,-126.637,1042.72
563,151,-133.642,1104.86
563,152,-125.088,1104.19
563,153,-126.172,1103.51
563,154,-132.937,1160.23
563,155,-125.635,1159.56
563,156,-132.616,1354.44
563,157,-131.127,1353.77
563,158,-128.735,1436.73
563,159,-133.924,1436.06
563,160,-129.134,1417.97
563,161,-152.444,1417.32
563,162,-125.089,1387.28
563,163,-127.658,1386.64
563,164,-137.187,1370.72
563,165,-139.514,1370.09
563,166,-134.647,1369.47
563,167,-127.849,1368.84
563,168,-129.021,1046.2
563,169,-123.385,1045.49
563,170,-123.033,1082.73
563,171,-129.277,1082.04
563,172,-132.272,1215.36
563,173,-129.291,1214.67
563,174,-124.114,1141.61
563,175,-127.242,1140.9
563,176,-133.007,1330.96
563,177,-143.922,1330.27
563,178,-141.129,1470.77
563,179,-128.884,1470.07
563,180,-125.68,1445.29
563,181,-136.621,1444.58
563,182,-126.567,1309.36
563,183,-135.759,1308.66
563,184,-141.123,1206.09
563,185,-133.405,1205.39
563,186,-125.474,1263.32
563,187,-131.285,1262.62
563,188,-130.259,1713.67
563,189,-134.259,1712.98
563,190,-153.076,1807.99
563,191,-136.908,1807.39
563,192,-138.561,1806.78
563,193,-142.748,1693.5
563,194,-145.386,1692.89
563,195,-138.953,1734.45
563,196,-147.688,1733.81
563,197,-150.942,1733.17
563,198,-135.156,1746.85
563,199,-136.712,1746.17
563,200,-147.979,1745.5
563,201,-130.427,1646.89
563,202,-135.245,1646.23
563,203,-127.864,1601.36
563,204,-139.426,1600.7
563,205,-141.249,1600.05
563,206,-136.721,1515.26
563,207,-131.658,1514.62
563,208,-129.969,1513.98
563,209,-134.94,1457.71
563,210,-133.098,1457.06
563,211,-127.428,1456.41
563,212,-130.21,1668.64
563,213,-129.934,1667.94
563,214,-128.907,1450.37
563,215,-130.267,1449.77
563,216,-140.138,1449.17
563,217,-132.281,1597.41
563,218,-132.022,1323.89
563,219,-136.745,1564.46
563,220,-135.173,1563.83
563,221,-107.783,346.453
563,222,-112.392,382.24
563,223,-135.347,1380.6
563,224,-132.093,1386.35
563,225,-139.93,1389.16
563,226,-127.375,1407.81
563,227,-131.715,1422.34
563,228,-136.682,1425.04
563,229,-130.179,1383.49
563,230,-134.857,1337.88
563,231,-133.051,1382.7
563,232,-131.556,1382.7
563,233,-133.254,1382.7
563,234,-139.176,1382.7
563,235,-129.823,1435.61
563,236,-134.15,1435.61
563,237,-132.509,1417.8
563,238,-129.656,1417.8
563,239,-131.984,1592.31
563,240,-131.296,1464.87
563,241,-131.963,1551.18
563,242,-132.002,1679.81
563,243,-138.95,1703.21
563,244,-133.141,1650.81
563,245,-132.081,1655.44
563,246,-143.686,1653.07
563,247,-138.151,1673.2
563,248,-133.907,1713.87
563,249,-132.787,1572.6
563,250,-130.459,1555.04
563,251,-130.963,1620.11
563,252,-144.953,1560.44
563,253,-129.33,1274.71
563,254,-128.256,1272.73
563,255,-141.624,1282.11
563,256,-127.804,1256.64
563,257,-132.537,1274.54
563,258,-125.962,1281.02
563,259,-132.059,1281.02
563,260,-132.54,1281.02
563,261,-133.311,1281.02
563,262,-136.065,1281.02
563,263,-131.817,1281.02
563,264,-127.239,1261.3
563,265,-122.859,1213.31
563,266,-142.289,1208.59
563,267,-133.166,1188.41
563,268,-125.164,1221.7
563,269,-125.975,1126.55
563,270,-123.822,1164.89
563,271,-124.071,1125.91
563,272,-131.516,1176.59
563,273,-133.379,1117.2
563,274,-123.309,1117.2
563,275,-125.37,1117.2
563,276,-125.218,1117.2
563,277,-128.296,1117.2
563,278,-121.871,1067.96
563,279,-129.42,1067.96
563,280,-123.896,966.356
563,281,-127.398,1030
563,282,-130.348,1099.52
563,283,-126.27,1098.93
563,284,-125.357,1086.56
563,285,-131.12,1056.25
563,286,-123.958,1103.33
563,287,-133.219,1103.33
563,288,-127.335,1113.64
563,289,-128.698,1186.69
563,290,-127.639,1218.05
563,291,-126.51,1158.63
563,292,-126.115,1097.4
563,293,-127.135,1160.76
563,294,-124.241,1087.29
563,295,-123.254,1077.02
563,296,-125.899,1107.49
563,297,-129.169,1107.49
563,298,-125.555,1107.49
563,299,-127.016,1118.33
563,300,-132.353,1055.42
563,301,-126.956,1062.57
563,302,-122.871,1062.57
563,303,-132.672,1060.52
563,304,-129.999,1145.06
563,305,-140.72,1145.06
563,306,-126.138,1142.97
563,307,-128.865,1142.97
563,308,-127.175,1142.97
563,309,-121.75,1142.97
563,310,-143.467,1130.71
563,311,-125.913,1033.63
563,312,-129.241,1029.07
563,313,-123.278,1026.31
563,314,-133.813,1048.29
563,315,-127.73,1068.74
563,316,-123.054,1041.95
563,317,-130.204,961.033
563,318,-148.515,961.033
563,319,-129.261,968.409
563,320,-123.447,933.54
563,321,-131.993,961.033
563,322,-121.845,961.033
563,323,-126.02,924.077
563,324,-126.378,1010.39
563,325,-122.679,985.188
563,326,-133.866,985.188
563,327,-128.584,985.188
563,328,-123.272,985.188
563,329,-122.753,985.188
563,330,-118.276,985.188
563,331,-136.988,1010.31
563,332,-126.824,1052.67
563,333,-123.402,1042.88
563,334,-134.279,1011.01
563,335,-129.527,1120.89
563,336,-130.595,1052.46
563,337,-124.765,1130.42
563,338,-129.682,1132.74
563,339,-126.526,1011.96
563,340,-132.016,1024.48
563,341,-133.327,1108.6
563,342,-121.928,1154.17
563,343,-127.557,1153.54
563,344,-124.781,1117.7
563,345,-145.3,1213.09
563,346,-137.192,1213.09
563,347,-125.49,1230.49
563,348,-137.747,1231.09
563,349,-131.907,1231.09
563,350,-126.067,1231.09
563,351,-142.568,1255.49
563,352,-127.131,1255.49
563,353,-135.158,1562.97
563,354,-133.098,1472.54
563,355,-133.579,1525.51
563,356,-131.307,1426.97
563,357,-136.097,1426.97
563,358,-144.328,1332.74
563,359,-132.119,1382.05
563,360,-143.139,1399.13
563,361,-129.789,1429.64
563,362,-128.448,1400.31
563,363,-131.511,1398.4
563,364,-126.523,1470.3
563,365,-128.817,1473.8
563,366,-128.159,1434.25
563,367,-134.871,1454.44
563,368,-130.438,1399.13
563,369,-127.686,1383.93
563,370,-134.741,1383.93
563,371,-126.544,1352.83
563,372,-134.058,1352.83
563,373,-126.502,1290.93
563,374,-129.106,1290.93
563,375,-130.943,1290.93
563,376,-125.475,1353.15
563,377,-125.977,1268.16
563,378,-128.569,1382.7
563,379,-133.235,1268.38
563,380,-142.048,1381.67
563,381,-144.636,1338.06
563,382,-144.465,1397.75
563,383,-125.008,1145.75
563,384,-124.592,1145.75
563,385,-132.844,1121.76
563,386,-131.813,1282.07
563,387,-128.617,1400.4
563,388,-130.086,1561.64
563,389,-129.445,1565.59
563,390,-128.349,1496.4
563,391,-132.034,1458.92
563,392,-134.148,1597.28
563,393,-128.008,809.46
563,394,-123.927,809.46
563,395,-122.697,766.027
563,396,-127.743,744.019
563,397,-116.874,775.099
563,398,-120.439,714.747
563,399,-121.332,691.153
563,400,-121.081,780.408
563,401,-129.869,809.649
563,402,-121.083,809.649
563,403,-115.838,809.649
563,404,-128.344,659.298
563,405,-117.297,659.298
563,406,-120.218,649.415
563,407,-119.76,658.538
563,408,-122.26,640.05
563,409,-119.974,812.256
563,410,-133.235,812.256
563,411,-129.759,739.42
563,412,-117.288,777.577
563,413,-122.138,726.155
563,414,-127.673,686.4
563,415,-125.575,854.92
563,416,-136.775,930.943
563,417,-116.419,601.994
563,418,-134.211,595.564
563,419,-107.764,457.726
563,420,-131.038,505.565
563,421,-110.806,424.988
563,422,-119.314,878.216
563,423,-130.415,923.828
563,424,-145.369,950.582
563,425,-126.474,917.34
563,426,-125.704,791.556
563,427,-120.231,791.556
563,428,-121.829,741.425
563,429,-115.645,741.425
563,430,-121.996,683.3
563,431,-121.202,570.716
563,432,-140.134,570.716
563,433,-115.027,524.716
563,434,-111.872,522.108
563,435,-115.859,533.819
563,436,-125.13,574.59
563,437,-113.761,622.944
563,438,-128.628,654.395
563,439,-126.87,800.341
563,440,-126.276,530.97
563,441,-113.239,513.924
563,442,-112.991,565.481
563,443,-115.094,667.668
563,444,-106.051,467.181
563,445,-127.249,1105.48
563,446,-129.497,1090.96
563,447,-126.16,1038.78
563,448,-135.785,1035.17
563,449,-125.993,1038.9
563,450,-128.252,996.94
563,451,-123.232,1046.66
563,452,-132.032,1278.02
563,453,-124.58,1303.15
563,454,-132.91,1540.81
563,455,-145.821,1590.93
563,456,-130.668,1573.16
563,457,-140.475,1573.16
563,458,-130.822,1573.16
563,459,-139.631,1652.13
563,460,-135.231,1685.36
563,461,-133.042,1674.66
563,462,-133.336,1651.94
563,463,-141.159,1644.11
563,464,-137.514,1635.89
563,465,-132.762,1699.87
563,466,-151.303,1694.59
563,467,-137.908,1670.58
563,468,-130.83,1670.58
563,469,-135.628,854.538
563,470,-122.287,862.788
563,471,-122.576,1012.97
563,472,-129.366,1054.79
563,473,-127.486,1075.12
563,474,-118.937,1058.35
563,475,-123.217,997.072
563,476,-121.664,972.805
563,477,-128.22,972.805
563,478,-137.334,1076.61
563,479,-127.088,1111.63
563,480,-127.865,1090.49
563,481,-133.273,1090.49
563,482,-137.179,1300.59
563,483,-133.134,1264.08
563,484,-125.311,899.513
563,485,-128.587,1060.35
563,486,-126.566,1020.08
563,487,-128.487,943.828
563,488,-127.504,965.794
563,489,-122.575,965.794
563,490,-119.991,964.309
563,491,-122.099,943.828
563,492,-129.415,980.398
563,493,-122.461,965.794
563,494,-130.328,980.398
563,495,-131.323,1224.49
563,496,-131.122,847.596
563,497,-113.796,846.956
563,498,-117.124,771.574
563,499,-133.426,1468.09
563,500,-131.489,1568.24
563,501,-133.657,1702.41
563,502,-137.912,1710.2
563,503,-134.988,1751.74
563,504,-137.808,1757.72
563,505,-133.154,1752.24
563,506,-136.444,1787.57
563,507,-142.4,1849.05
563,508,-128.626,1667.39
563,509,-135.767,1579.63
563,510,-139.974,1873.75
563,511,-129.009,589.786
563,512,-116.48,587.512
563,513,-112.888,589.294
563,514,-109.388,591.508
563,515,-112.894,363.075
563,516,-109.968,436.836
563,517,-106.51,459.119
563,518,-116.942,483.626
563,519,-115.578,492.29
563,520,-125.362,500.546
563,521,-112.566,591.403
563,522,-97.516,145.804
563,523,-95.7069,163.96
563,524,-89.2066,178.366
563,525,-101.726,299.161
563,526,-133.285,1577.95
563,527,-116.313,779.166
563,528,-123.909,814.565
563,529,-121.399,814.311
563,530,-135.743,820.605
563,531,-121.934,822.321
563,532,-125.815,787.497
563,533,-115.241,823.959
563,534,-114.826,833.793
563,535,-128.154,954.454
563,536,-123.111,960.757
563,537,-96.9699,282.726
563,538,-113.585,231.376
563,539,-119.003,345.131
563,540,-105.548,298.555
563,541,-69.7731,47.6532
563,542,-84.39,163.351
563,543,-101.645,367.81
563,544,-124.049,874.904
563,545,-143.337,1224.66
563,546,-146.403,2227.52
563,547,-136.047,1315.59
563,548,-107.229,342.336
563,549,-136.274,1561.02
563,550,-119.329,662.682
563,551,-133.525,1616.06
563,552,-143.334,1852.59
563,553,-109.781,395.057
563,554,-118.143,682.281
563,555,-124.001,1080.18
563,556,-137.751,1112.26
563,557,-139.918,1712.42
563,558,-125.946,789.421
563,559,-120.484,884.252
563,560,-108.153,474.357
563,561,-132.366,1550.15
563,562,-124.227,832.099
563,0,-90.3007,171.99
563,1,-129.24,1408.66
563,2,-106.974,520.315
563,3,-117.167,627.609
563,4,-137.707,1558.77
563,5,-127.026,1035.09
563,6,-145.421,1619.61
563,7,-134.674,1088.95
563,8,-128.328,1379.41
563,9,-128.725,1182.42
563,10,-138.95,1387.2
563,11,-124.105,1323.74
563,12,-140.932,1414.02
563,13,-140.227,1554.18
563,14,-143.452,1428.67
563,15,-170.967,1789.2
563,16,-135.081,1558
563,17,-134.764,1869.14
563,18,-122.015,526.779
563,19,-109.303,471.71
563,20,-135.249,1173.42
563,21,-126.023,1117.9
563,22,-137.22,983.866
563,23,-117.567,969.809
563,24,-121.85,979.707
563,25,-143.445,1413.09
563,26,-122.635,1181.41
563,27,-134.98,1441.65
563,28,-126.521,1273.32
563,29,-126.63,1352.31
563,30,-124.58,729.972
563,31,-125.893,1175.64
563,32,-122.258,906.578
563,33,-122.69,984.417
563,34,-128.21,1251.08
563,35,-123.316,1160.61
563,36,-132.775,1034.3
563,37,-124.561,1116.39
563,38,-135.212,1460.54
563,39,-126.17,1120.86
563,40,-113.283,478.879
563,41,-130.153,1513.93
563,42,-123.423,1236.22
563,43,-122.496,1190.69
563,44,-131.785,1452.29
563,45,-152.061,1955.24
563,46,-139.981,1488.61
563,47,-127.313,1067.11
563,48,-131.371,1066.52
563,49,-123.419,1065.94
563,50,-126.083,1065.35
563,51,-120.07,997.23
563,52,-131.978,1124.63
563,53,-131.206,1123.99
563,54,-109.465,658.537
563,55,-110.376,596.092
563,56,-111.657,595.443
563,57,-112.591,410.338
563,58,-107.62,489.555
563,59,-114.245,488.849
563,60,-111.501,537.592
563,61,-112.767,536.887
563,62,-120.295,615.095
563,63,-117.88,614.738
563,64,-112.464,601.132
563,65,-121.659,600.75
563,66,-119.757,585.162
563,67,-116.719,584.773
563,68,-124.896,535.697
563,69,-117.847,535.043
563,70,-121.308,563.113
563,71,-117.43,562.44
563,72,-83.6465,36.2547
563,73,-64.4302,36.9311
563,74,-100.932,182.822
563,75,-98.1008,233.512
563,76,-121.818,750.133
563,77,-123.26,749.804
563,78,-122.136,860.572
563,79,-125.451,737.004
563,80,-121.339,736.573
563,81,-114.622,736.142
563,82,-125.433,684.894
563,83,-118.861,684.239
563,84,-131.999,1103.41
563,85,-121.392,1102.71
563,86,-125.622,1102.01
563,87,-125.599,1101.32
563,88,-136.978,1349.98
563,89,-127.473,1349.29
563,90,-128.311,878.154
563,91,-125.315,877.456
563,92,-133.308,849.233
563,93,-122.427,848.526
563,94,-114.382,607.477
563,95,-122.152,606.889
563,96,-121.047,616.437
563,97,-120.114,615.912
563,98,-122.412,1101.93
563,99,-120.335,1101.56
563,100,-130.724,1101.18
563,101,-125.072,1100.81
563,102,-129.098,1164.92
563,103,-125.826,1164.52
563,104,-133.538,1540.35
563,105,-131.751,1539.78
563,106,-145.572,1539.21
563,107,-133.315,1538.65
563,108,-123.475,1538.08
563,109,-131.627,1507.73
563,110,-135.126,1507.15
563,111,-139.742,1447.07
563,112,-134.655,1446.51
563,113,-144.906,1515.02
563,114,-131.581,1514.49
563,115,-138.858,1513.97
563,116,-129.943,1513.44
563,117,-127.255,1346.42
563,118,-138.228,1345.96
563,119,-142.877,1345.5
563,120,-126.779,1345.04
563,121,-134.129,1257.27
563,122,-136.771,1256.81
563,123,-133.386,1122.46
563,124,-124.962,1121.99
563,125,-126.524,1121.53
563,126,-133.453,1121.07
563,127,-120.043,994.156
563,128,-134.124,993.661
563,129,-119.183,993.166
563,130,-137.305,915.733
563,131,-120.262,915.186
563,132,-119.587,914.639
563,133,-118.608,885.052
563,134,-117.57,884.484
563,135,-123.015,877.96
563,136,-127.472,877.338
563,137,-118.894,876.717
563,138,-127.812,876.096
563,139,-122.396,732.73
563,140,-129.16,882.556
563,141,-126.417,881.874
563,142,-133.167,934.325
563,143,-117.623,933.673
563,144,-120.9,903.078
563,145,-135.413,902.446
563,146,-118.007,901.813
563,147,-122.45,1044.73
563,148,-127.429,1044.06
563,149,-120.372,1043.39
563,150,-122.812,1042.72
563,151,-127.405,1104.86
563,152,-128.548,1104.19
563,153,-130.571,1103.51
563,154,-127.321,1160.23
563,155,-156.663,1159.56
563,156,-131.783,1354.44
563,157,-146.558,1353.77
563,158,-131.283,1436.73
563,159,-127.943,1436.06
563,160,-135.469,1417.97
563,161,-132.648,1417.32
563,162,-133.228,1387.28
563,163,-133.238,1386.64
563,164,-136.051,1370.72
563,165,-129.555,1370.09
563,166,-122.098,1369.47
563,167,-131.747,1368.84
563,168,-123.076,1046.2
563,169,-125.693,1045.49
563,170,-130.73,1082.73
563,171,-128.182,1082.04
563,172,-133.706,1215.36
563,173,-132.449,1214.67
563,174,-133.428,1141.61
563,175,-128.069,1140.9
563,176,-129.247,1330.96
563,177,-141.41,1330.27
563,178,-133.13,1470.77
563,179,-141.209,1470.07
563,180,-132.365,1445.29
563,181,-137.766,1444.58
563,182,-143.145,1309.36
563,183,-131.214,1308.66
563,184,-125.882,1206.09
563,185,-127.293,1205.39
563,186,-124.88,1263.32
563,187,-133.735,1262.62
563,188,-134.765,1713.67
563,189,-132.647,1712.98
563,190,-131.592,1807.99
563,191,-137.475,1807.39
563,192,-132.881,1806.78
563,193,-133.479,1693.5
563,194,-137.189,1692.89
563,195,-134.557,1734.45
563,196,-141.521,1733.81
563,197,-129.858,1733.17
563,198,-143.493,1746.85
563,199,-135.562,1746.17
563,200,-134.146,1745.5
563,201,-134.605,1646.89
563,202,-138.481,1646.23
563,203,-134.481,1601.36
563,204,-131.409,1600.7
563,205,-132.627,1600.05
563,206,-131.077,1515.26
563,207,-131.693,1514.62
563,208,-132.768,1513.98
563,209,-134.91,1457.71
563,210,-134.612,1457.06
563,211,-136.565,1456.41
563,212,-140.927,1668.64
563,213,-141.019,1667.94
563,214,-139.481,1450.37
563,215,-141.742,1449.77
563,216,-131.679,1449.17
563,217,-133.275,1597.41
563,218,-144.676,1323.89
563,219,-144.12,1564.46
563,220,-132.686,1563.83
563,221,-103.792,346.453
563,222,-103.057,382.24
563,223,-134.419,1380.6
563,224,-131.248,1386.35
563,225,-137.683,1389.16
563,226,-137.462,1407.81
563,227,-124.991,1422.34
563,228,-139.884,1425.04
563,229,-129.637,1383.49
563,230,-138.734,1337.88
563,231,-139.843,1382.7
563,232,-139.099,1382.7
563,233,-134.845,1382.7
563,234,-133.173,1382.7
563,235,-130.909,1435.61
563,236,-133.337,1435.61
563,237,-150.655,1417.8
563,238,-136.514,1417.8
563,239,-129.677,1592.31
563,240,-129.353,1464.87
563,241,-131.318,1551.18
563,242,-145.61,1679.81
563,243,-138.57,1703.21
563,244,-131.842,1650.81
563,245,-148.982,1655.44
563,246,-132.06,1653.07
563,247,-144.504,1673.2
563,248,-133.554,1713.87
563,249,-134.623,1572.6
563,250,-137.791,1555.04
563,251,-134.671,1620.11
563,252,-129.418,1560.44
563,253,-128.688,1274.71
563,254,-127.591,1272.73
563,255,-129.254,1282.11
563,256,-128.58,1256.64
563,257,-139.451,1274.54
563,258,-131.125,1281.02
563,259,-139.994,1281.02
563,260,-134.418,1281.02
563,261,-132.128,1281.02
563,262,-126.521,1281.02
563,263,-126.402,1281.02
563,264,-127.73,1261.3
563,265,-129.118,1213.31
563,266,-133.476,1208.59
563,267,-132.51,1188.41
563,268,-127.875,1221.7
563,269,-129.287,1126.55
563,270,-137.741,1164.89
563,271,-138.552,1125.91
563,272,-124.805,1176.59
563,273,-135.142,1117.2
563,274,-126.671,1117.2
563,275,-124.999,1117.2
563,276,-125.167,1117.2
563,277,-134.578,1117.2
563,278,-129.735,1067.96
563,279,-123.738,1067.96
563,280,-127.277,966.356
563,281,-129.657,1030
563,282,-123.987,1099.52
563,283,-133.211,1098.93
563,284,-130.689,1086.56
563,285,-120.257,1056.25
563,286,-132.161,1103.33
563,287,-128.253,1103.33
563,288,-145.2,1113.64
563,289,-131.962,1186.69
563,290,-129.245,1218.05
563,291,-123.561,1158.63
563,292,-130.233,1097.4
563,293,-131.366,1160.76
563,294,-125.457,1087.29
563,295,-122.384,1077.02
563,296,-126.626,1107.49
563,297,-133.901,1107.49
563,298,-128.327,1107.49
563,299,-127.734,1118.33
563,300,-129.458,1055.42
563,301,-135.112,1062.57
563,302,-131.405,1062.57
563,303,-137.391,1060.52
563,304,-135.087,1145.06
563,305,-122.468,1145.06
563,306,-149.86,1142.97
563,307,-126.39,1142.97
563,308,-134.505,1142.97
563,309,-131.315,1142.97
563,310,-128.865,1130.71
563,311,-130.624,1033.63
563,312,-128.065,1029.07
563,313,-131.515,1026.31
563,314,-122.557,1048.29
563,315,-121.573,1068.74
563,316,-124.431,1041.95
563,317,-125.795,961.033
563,318,-127.812,961.033
563,319,-120.71,968.409
563,320,-118.544,933.54
563,321,-126.823,961.033
563,322,-122.889,961.033
563,323,-129.907,924.077
563,324,-121.653,1010.39
563,325,-141.31,985.188
563,326,-127.809,985.188
563,327,-129.289,985.188
563,328,-116.022,985.188
563,329,-134.355,985.188
563,330,-130.021,985.188
563,331,-131.912,1010.31
563,332,-121.355,1052.67
563,333,-128.178,1042.88
563,334,-121.392,1011.01
563,335,-127.36,1120.89
563,336,-132.763,1052.46
563,337,-127.878,1130.42
563,338,-128.922,1132.74
563,339,-124.685,1011.96
563,340,-120.994,1024.48
563,341,-133.317,1108.6
563,342,-123.068,1154.17
563,343,-125.085,1153.54
563,344,-128.309,1117.7
563,345,-125.616,1213.09
563,346,-125.775,1213.09
563,347,-142.538,1230.49
563,348,-129.358,1231.09
563,349,-133.914,1231.09
563,350,-127.074,1231.09
563,351,-136.876,1255.49
563,352,-131.051,1255.49
563,353,-139.481,1562.97
563,354,-132.661,1472.54
563,355,-144.865,1525.51
563,356,-129.477,1426.97
563,357,-130.315,1426.97
563,358,-132.833,1332.74
563,359,-126.444,1382.05
563,360,-159.915,1399.13
563,361,-151.41,1429.64
563,362,-142.879,1400.31
563,363,-133.445,1398.4
563,364,-136.34,1470.3
563,365,-138.251,1473.8
563,366,-143.181,1434.25
563,367,-133.909,1454.44
563,368,-136.292,1399.13
563,369,-140.103,1383.93
563,370,-127.468,1383.93
563,371,-138.607,1352.83
563,372,-133.664,1352.83
563,373,-131.015,1290.93
563,374,-131.093,1290.93
563,375,-140.672,1290.93
563,376,-131.553,1353.15
563,377,-124.018,1268.16
563,378,-131.411,1382.7
563,379,-132.34,1268.38
563,380,-138.078,1381.67
563,381,-131.773,1338.06
563,382,-131.933,1397.75
563,383,-135.055,1145.75
563,384,-128.481,1145.75
563,385,-136.064,1121.76
563,386,-129.099,1282.07
563,387,-130.049,1400.4
563,388,-128.962,1561.64
563,389,-137.639,1565.59
563,390,-133.193,1496.4
563,391,-139.761,1458.92
563,392,-125.785,1597.28
563,393,-120.266,809.46
563,394,-121.572,809.46
563,395,-117.117,766.027
563,396,-123.871,744.019
563,397,-125.75,775.099
563,398,-115.959,714.747
563,399,-120.44,691.153
563,400,-134.088,780.408
563,401,-114.592,809.649
563,402,-121.589,809.649
563,403,-135.771,809.649
563,404,-128.733,659.298
563,405,-121.753,659.298
563,406,-122.38,649.415
563,407,-112.098,658.538
563,408,-117.072,640.05
563,409,-129.565,812.256
563,410,-121.864,812.256
563,411,-123.025,739.42
563,412,-121.336,777.577
563,413,-124.273,726.155
563,414,-123.115,686.4
563,415,-124.204,854.92
563,416,-124.055,930.943
563,417,-113.854,601.994
563,418,-113.515,595.564
563,419,-108.191,457.726
563,420,-115.033,505.565
563,421,-102.469,424.988
563,422,-124.786,878.216
563,423,-121.937,923.828
563,424,-132.289,950.582
563,425,-121.763,917.34
563,426,-123.857,791.556
563,427,-132.013,791.556
563,428,-123.771,741.425
563,429,-120.151,741.425
563,430,-115.575,683.3
563,431,-109.816,570.716
563,432,-117.549,570.716
563,433,-114.693,524.716
563,434,-115.282,522.108
563,435,-107.677,533.819
563,436,-131.902,574.59
563,437,-119.268,622.944
563,438,-114.796,654.395
563,439,-114.235,800.341
563,440,-116.004,530.97
563,441,-107.727,513.924
563,442,-124.6,565.481
563,443,-115.573,667.668
563,444,-116.19,467.181
563,445,-126.943,1105.48
563,446,-139.884,1090.96
563,447,-126.449,1038.78
563,448,-133.104,1035.17
563,449,-123.556,1038.9
563,450,-122.794,996.94
563,451,-139.195,1046.66
563,452,-132.537,1278.02
563,453,-133.958,1303.15
563,454,-133.612,1540.81
563,455,-136.448,1590.93
563,456,-132.875,1573.16
563,457,-135.342,1573.16
563,458,-131.804,1573.16
563,459,-140.997,1652.13
563,460,-131.475,1685.36
563,461,-131.522,1674.66
563,462,-141.251,1651.94
563,463,-130.528,1644.11
563,464,-156.418,1635.89
563,465,-141.56,1699.87
563,466,-131.402,1694.59
563,467,-134.747,1670.58
563,468,-133.586,1670.58
563,469,-122.753,854.538
563,470,-129.969,862.788
563,471,-124.459,1012.97
563,472,-125.652,1054.79
563,473,-127.635,1075.12
563,474,-125.371,1058.35
563,475,-126.525,997.072
563,476,-126.745,972.805
563,477,-120.745,972.805
563,478,-119.812,1076.61
563,479,-127.982,1111.63
563,480,-128.404,1090.49
563,481,-138.648,1090.49
563,482,-130.634,1300.59
563,483,-124.304,1264.08
563,484,-128.243,899.513
563,485,-121.206,1060.35
563,486,-126.157,1020.08
563,487,-127.605,943.828
563,488,-143.839,965.794
563,489,-138.388,965.794
563,490,-122.683,964.309
563,491,-128.422,943.828
563,492,-142.761,980.398
563,493,-122.829,965.794
563,494,-120.841,980.398
563,495,-135.26,1224.49
563,496,-118.396,847.596
563,497,-116.771,846.956
563,498,-119.465,771.574
563,499,-140.32,1468.09
563,500,-131.195,1568.24
563,501,-135.891,1702.41
563,502,-136.408,1710.2
563,503,-140.243,1751.74
563,504,-137.8,1757.72
563,505,-137.447,1752.24
563,506,-131.858,1787.57
563,507,-148.357,1849.05
563,508,-136.215,1667.39
563,509,-135.561,1579.63
563,510,-131.916,1873.75
563,511,-126.853,589.786
563,512,-118.608,587.512
563,513,-118.454,589.294
563,514,-118.751,591.508
563,515,-111.626,363.075
563,516,-113.301,436.836
563,517,-104.024,459.119
563,518,-112.823,483.626
563,519,-122.88,492.29
563,520,-105.012,500.546
563,521,-110.685,591.403
563,522,-98.6286,145.804
563,523,-90.6745,163.96
563,524,-94.1303,178.366
563,525,-102.479,299.161
563,526,-143.364,1577.95
563,527,-118.903,779.166
563,528,-122.357,814.565
563,529,-121.902,814.311
563,530,-122.975,820.605
563,531,-126.324,822.321
563,532,-123.798,787.497
563,533,-123.775,823.959
563,534,-130.09,833.793
563,535,-126.364,954.454
563,536,-120.423,960.757
563,537,-98.6085,282.726
563,538,-94.4633,231.376
563,539,-105.022,345.131
563,540,-99.3764,298.555
563,541,-61.5951,47.6532
563,542,-85.7119,163.351
563,543,-114.992,367.81
563,544,-130.869,874.904
563,545,-127.021,1224.66
563,546,-135.557,2227.52
563,547,-138.715,1315.59
563,548,-102.27,342.336
563,549,-140.321,1561.02
563,550,-116.271,662.682
563,551,-164.421,1616.06
563,552,-138.945,1852.59
563,553,-106.325,395.057
563,554,-118.941,682.281
563,555,-131.999,1080.18
563,556,-119.767,1112.26
563,557,-133.726,1712.42
563,558,-123.442,789.421
563,559,-117.05,884.252
563,560,-108.342,474.357
563,561,-138.228,1550.15
563,562,-124.327,832.099
